30 15 15

21 42 15 29 17 48 17 18 44 32 47 8 36 11 37 14 46 12 18 23 6 5 9 25 10 30 17 10 9 39 11 6 40 12 14 39 9 49 23 34 19 36 37 50 37 15 41 46 25 8 34 27 46 9 32 31 22 15 20 45 26 13 6 44 33 48 37 27 14 10 45 23 24 49 42 17 35 35 17 17 6 40 21 26 21 43 38 38 40 37 19 45 47 50 7 20 38 27 28 18 39 42 12 35 33 11 40 26 35 45 12 22 19 7 49 43 42 27 20 43 19 41 26 46 19 31 33 24 14 20 24 37 35 37 14 16 28 23 10 11 15 36 18 36 8 28 18 44 9 35 47 34 17 47 12 50 28 35 48 44 17 49 44 8 21 40 14 49 14 5 31 28 33 48 7 30 41 11 30 46 33 13 33 14 45 16 8 45 23 9 46 8 17 12 44 40 7 5 13 21 30 26 25 23 11 45 32 30 38 21 45 28 5 26 27 35 40 46 46 7 5 8 49 32 35 
12 5 20 38 16 26 30 50 45 32 45 6 38 8 15 40 43 11 42 34 11 44 12 36 7 43 44 37 22 46 15 43 25 43 37 38 9 46 16 33 18 32 46 7 39 40 26 47 38 33 37 10 29 48 14 46 14 31 48 47 7 34 42 12 39 43 39 10 32 31 46 49 40 20 25 22 24 8 16 25 48 41 34 33 20 17 39 11 11 49 45 15 15 34 50 9 46 26 21 40 9 50 26 40 45 11 41 44 35 42 35 21 20 7 14 31 29 26 22 41 5 21 47 44 19 29 50 20 24 22 43 15 24 50 28 27 33 29 42 46 44 13 46 17 49 47 20 15 9 15 9 25 44 31 8 10 22 32 30 14 13 30 16 12 13 20 44 44 48 15 36 17 38 48 12 30 6 50 37 37 50 5 10 22 23 13 19 33 12 16 43 35 30 13 6 34 13 47 49 14 22 16 11 23 32 21 18 18 12 10 44 14 23 13 23 44 45 47 19 42 41 47 44 47 28 
9 9 9 23 21 17 48 47 13 24 46 21 8 21 27 14 47 31 50 50 28 39 30 14 30 47 40 29 36 50 49 5 39 5 19 34 31 11 48 20 33 11 49 47 12 45 50 25 41 20 25 43 39 14 30 9 5 33 7 32 49 9 12 35 47 20 35 48 37 30 38 49 16 40 39 16 29 33 8 41 9 49 7 15 48 44 27 6 49 12 37 46 46 10 45 32 35 36 38 24 25 32 21 35 22 9 38 8 30 29 28 22 26 15 14 10 7 10 24 20 41 12 11 8 42 5 34 21 49 37 24 15 22 21 12 32 40 21 50 31 8 41 19 16 16 31 13 32 48 7 31 21 36 49 7 7 34 17 50 20 29 19 21 13 16 49 15 21 14 43 24 29 38 45 47 8 34 10 10 43 13 26 41 17 14 10 42 43 24 21 14 17 9 28 36 27 50 33 16 13 17 24 32 21 5 36 8 28 22 30 15 24 41 20 41 5 50 5 34 8 39 9 38 26 14 
35 35 20 17 9 44 20 25 43 36 39 28 27 36 39 6 18 25 14 29 15 45 49 9 11 42 40 27 18 18 48 16 17 37 40 40 11 11 18 24 5 27 44 26 14 25 12 12 38 11 38 38 24 34 12 26 8 15 48 18 18 43 25 16 48 47 23 27 13 48 21 17 21 45 44 25 36 32 32 47 40 7 50 29 44 35 32 15 35 8 50 14 37 23 16 6 48 11 33 16 15 30 39 8 14 21 27 34 41 45 6 16 16 48 49 35 41 11 50 6 16 5 14 12 42 21 16 50 49 40 13 6 20 18 10 14 23 18 22 7 29 6 23 37 41 14 5 14 47 43 39 38 34 33 15 46 18 8 43 22 46 50 34 25 34 42 23 38 33 35 11 24 11 7 46 5 27 28 23 19 24 16 37 16 38 50 25 35 14 11 11 11 13 14 5 25 22 25 42 11 14 35 50 23 22 26 6 32 7 9 7 9 8 46 15 14 34 48 34 31 47 39 35 41 43 
13 14 31 23 50 34 37 41 36 38 44 15 50 10 31 40 22 36 44 22 35 37 7 9 31 36 15 13 43 15 7 31 20 32 17 40 38 16 23 17 30 19 29 42 28 37 18 43 23 49 11 11 47 35 6 17 31 10 39 30 42 18 47 23 19 12 18 37 10 35 14 30 9 22 42 41 31 13 11 45 41 25 24 9 37 31 30 39 8 36 20 5 34 30 38 46 41 37 21 36 39 35 25 28 25 14 17 37 27 37 41 30 27 17 12 46 5 37 8 41 10 13 7 25 32 33 39 6 20 39 29 33 37 35 16 45 49 44 17 44 28 19 15 17 18 19 11 20 27 41 43 30 37 18 48 27 35 32 31 30 36 21 12 12 48 7 14 7 7 36 26 45 43 41 32 35 33 9 5 41 44 39 13 48 5 25 8 5 9 27 34 46 50 39 25 47 37 20 23 6 23 33 24 34 18 17 38 17 14 36 30 11 46 43 22 11 50 22 21 10 11 47 25 32 8 
28 49 42 21 38 13 46 45 13 11 21 22 39 19 13 49 26 43 29 43 25 16 27 23 12 50 37 10 15 12 18 29 33 26 38 50 12 44 14 16 5 50 34 34 25 12 39 45 47 24 20 29 35 46 6 50 36 10 18 16 11 12 41 23 20 19 22 8 24 34 24 14 30 16 10 35 33 18 43 34 7 18 10 50 7 47 22 21 17 27 33 31 5 45 20 16 44 39 46 12 23 40 25 44 25 41 30 33 18 5 35 50 32 26 40 40 27 23 27 16 21 22 38 8 25 24 50 44 10 13 42 12 50 8 19 26 10 6 29 18 15 48 12 43 48 22 39 16 43 11 28 33 24 30 19 30 30 26 13 21 7 29 36 29 43 35 44 44 22 17 36 43 29 45 32 45 35 27 10 20 11 32 36 47 22 20 22 33 35 23 49 42 6 28 25 33 25 19 22 22 21 24 10 47 7 33 8 44 23 19 50 11 29 22 29 10 6 36 50 11 12 25 17 8 17 
30 18 41 18 40 30 13 36 8 30 43 38 21 33 27 32 10 8 40 20 46 44 6 39 19 47 47 19 11 46 34 20 10 18 41 28 48 34 5 19 20 30 9 48 24 25 28 10 23 30 50 44 20 48 9 5 33 37 40 11 41 23 41 18 7 14 43 17 40 6 19 40 32 5 9 30 22 26 23 47 33 14 31 20 28 35 41 6 12 21 34 17 39 10 13 33 40 19 31 13 30 41 20 32 49 45 14 24 13 19 37 45 43 27 6 22 28 20 14 17 46 26 29 25 26 13 40 5 31 16 20 32 31 38 18 50 46 39 6 15 6 18 47 35 50 38 34 12 43 12 33 49 48 43 32 27 45 48 16 25 18 24 9 48 15 10 9 15 28 25 19 46 24 31 21 27 22 5 38 19 11 10 15 9 12 18 37 37 34 36 38 40 37 40 9 25 25 15 38 24 6 13 8 6 5 14 20 20 24 15 16 26 40 18 37 42 13 35 12 9 26 39 47 24 35 
13 40 8 9 17 19 10 43 44 45 19 33 30 40 44 41 24 34 21 34 27 36 22 36 47 36 45 33 7 39 26 43 42 28 23 16 19 11 36 9 10 23 34 28 26 38 43 39 35 44 16 14 19 48 9 5 45 47 43 29 27 21 6 46 37 17 5 26 7 11 15 43 48 48 50 19 10 34 16 38 14 25 20 21 8 33 8 14 50 25 41 43 31 36 17 21 34 39 43 19 48 33 32 5 38 19 12 49 25 33 12 47 11 41 49 5 23 17 49 38 37 25 41 12 40 19 43 38 17 41 23 48 46 48 8 30 20 13 7 32 38 14 43 39 27 17 15 22 41 7 34 39 40 11 48 13 40 39 34 13 7 50 8 21 12 38 17 13 46 29 25 11 38 49 26 23 43 31 32 7 49 38 33 20 11 23 20 29 8 24 22 5 40 17 28 14 10 7 11 46 15 50 35 37 29 14 28 29 16 11 40 38 41 33 27 30 5 23 5 24 31 31 44 27 30 
40 35 8 6 37 23 49 39 38 38 32 11 44 49 49 34 9 29 16 7 19 50 19 46 38 8 24 27 10 10 32 20 5 34 42 14 39 11 39 20 46 20 11 17 19 31 13 38 5 30 8 25 23 48 9 43 24 50 45 15 39 47 19 42 14 33 44 18 14 31 45 40 22 20 43 31 11 50 5 26 21 21 5 12 34 22 26 45 39 7 21 21 42 34 47 44 7 6 12 14 10 40 43 39 37 14 41 23 24 25 39 6 39 20 40 39 39 5 26 20 21 47 11 16 18 5 17 27 39 34 19 8 13 9 9 6 41 20 14 46 23 34 36 26 20 46 35 28 15 33 36 12 27 42 13 44 19 47 47 9 13 50 43 35 49 31 50 49 25 19 8 50 31 27 43 11 43 33 18 19 25 46 22 18 18 10 14 48 6 32 39 29 38 21 15 13 10 32 33 27 48 34 48 9 18 50 34 23 35 11 25 9 6 16 46 40 21 7 6 25 50 28 40 13 36 
8 28 43 9 38 26 9 12 21 24 35 36 42 24 18 40 32 16 24 23 49 40 21 21 21 36 19 10 24 39 10 36 48 6 41 16 32 5 50 16 49 5 40 15 29 19 17 17 42 9 9 48 25 43 16 19 19 14 45 9 10 26 20 8 44 45 30 18 18 45 9 30 50 35 14 44 44 44 46 42 36 18 42 30 11 20 40 38 20 20 12 35 25 18 27 11 23 29 16 28 22 47 17 38 33 17 18 47 5 11 26 39 28 7 15 44 25 36 6 49 6 41 11 40 47 7 46 17 10 33 49 11 48 8 37 30 42 28 28 40 39 22 13 30 25 39 19 23 25 14 13 46 12 36 30 26 23 46 39 21 29 18 37 6 47 19 46 6 24 13 35 18 49 47 12 17 9 39 36 27 47 25 21 42 41 19 15 22 7 32 21 19 33 9 24 18 37 18 9 15 28 33 36 12 31 7 42 14 21 27 12 40 29 30 11 5 9 29 34 17 26 11 46 8 39 
46 15 9 8 7 14 44 44 13 9 27 39 48 49 31 34 32 31 27 41 48 11 7 48 46 5 13 22 49 38 42 29 33 12 45 14 31 18 20 26 32 14 19 50 45 42 33 44 27 23 46 19 21 42 32 29 12 6 9 39 47 17 40 10 9 49 28 42 38 36 20 39 34 43 36 11 36 7 11 48 26 14 14 36 32 20 17 46 38 50 5 43 12 22 39 34 33 32 29 10 44 22 21 12 44 41 42 32 13 39 32 21 50 19 43 40 16 11 23 5 25 44 6 15 46 37 47 17 44 28 40 19 9 33 22 45 27 50 33 49 23 42 45 45 6 43 18 26 16 50 30 30 11 29 24 10 15 40 50 46 34 48 47 16 11 20 48 19 16 28 22 5 27 40 46 26 37 9 20 35 37 32 46 32 28 50 10 44 44 11 34 45 21 17 40 37 36 29 38 29 33 44 6 29 49 28 34 46 29 35 30 10 29 35 39 48 29 21 46 28 14 45 34 28 29 
27 40 8 20 41 35 24 18 33 25 35 46 42 14 16 23 17 36 43 38 5 10 12 37 8 22 49 39 29 28 35 32 32 19 48 14 35 31 47 24 35 5 42 6 16 37 26 36 37 19 6 24 19 12 27 48 23 22 8 25 17 42 25 9 18 16 28 19 38 31 13 42 19 34 49 17 31 13 41 44 41 47 32 35 17 6 32 8 30 38 19 25 39 10 25 36 21 14 31 6 14 6 33 43 37 31 6 21 15 9 16 19 20 47 33 34 31 31 21 9 39 36 14 35 39 28 49 8 27 31 48 25 17 14 18 15 15 48 47 17 12 30 49 39 36 21 28 48 40 46 8 5 14 22 40 15 43 26 47 5 10 31 16 45 6 6 32 40 44 27 18 46 45 33 29 8 13 16 37 7 32 8 46 22 44 14 33 39 6 27 33 33 42 48 50 44 13 17 44 24 13 10 16 27 29 34 25 47 16 38 29 12 48 10 36 39 29 13 17 43 39 26 8 44 37 
42 41 8 42 41 50 37 48 29 31 40 24 20 8 39 42 23 34 34 41 16 5 44 36 11 42 20 23 33 18 10 16 29 14 24 37 43 7 27 34 33 17 14 41 10 9 6 5 42 47 6 41 36 48 36 38 12 45 43 24 45 32 36 7 50 43 8 45 23 36 38 34 36 39 24 12 18 19 22 29 20 36 42 44 35 43 43 27 45 50 49 27 28 46 34 11 11 15 49 46 19 11 23 7 27 45 35 30 28 32 14 48 41 9 22 19 12 37 14 36 48 43 39 9 5 37 31 8 7 27 42 45 9 25 11 41 28 46 30 48 11 26 33 17 39 46 10 24 7 11 20 32 36 9 32 34 28 16 38 25 44 29 15 50 45 6 39 46 34 29 26 29 46 5 5 41 25 20 11 21 14 46 9 46 22 21 33 12 23 19 24 20 47 19 31 47 37 10 43 24 43 37 44 32 35 18 46 49 29 10 28 13 38 34 22 17 12 8 29 35 9 24 10 19 28 
47 22 19 8 47 47 48 40 25 14 43 11 15 14 40 50 11 43 17 39 38 33 26 16 13 24 24 11 16 5 42 46 7 19 8 41 44 42 33 36 22 38 20 44 33 39 42 30 23 43 18 39 19 24 47 23 40 36 18 31 31 6 24 14 25 37 12 50 19 48 23 33 34 11 50 43 37 17 27 29 44 12 12 47 27 14 43 14 21 46 18 13 9 35 26 36 36 6 38 6 35 33 14 27 27 38 40 34 22 13 39 17 17 16 20 18 35 32 16 11 9 38 39 40 17 10 12 12 14 30 30 24 26 19 50 49 44 29 44 41 16 32 44 5 42 12 49 40 27 20 15 21 5 6 22 42 32 48 29 19 45 43 33 36 45 17 39 31 21 45 15 6 18 23 23 34 10 47 12 40 20 6 41 8 41 32 5 20 30 23 34 7 14 7 32 39 19 32 35 45 17 31 41 33 48 29 30 16 28 46 33 19 15 28 16 10 43 38 14 17 32 44 50 24 23 
10 12 40 24 40 23 33 22 27 24 22 26 30 32 42 47 34 16 40 20 24 8 40 6 48 31 48 18 7 32 24 23 12 24 32 15 47 38 16 26 36 5 9 30 21 45 50 11 20 14 8 28 12 40 19 20 8 48 6 8 27 14 18 19 17 29 10 13 39 19 5 50 22 6 29 38 47 14 21 24 16 19 50 11 14 30 49 32 26 49 11 8 32 13 16 33 22 41 34 32 31 32 46 6 23 9 29 45 29 26 5 11 43 19 16 11 35 46 8 19 46 22 32 43 17 19 46 18 13 32 12 45 34 42 5 22 50 16 6 48 7 19 46 17 20 30 44 27 48 28 14 35 24 7 24 26 36 20 21 18 34 45 31 24 22 9 9 41 24 14 18 24 10 30 15 12 37 45 22 38 23 41 50 9 36 36 47 35 28 18 19 47 40 40 11 30 31 47 15 15 41 39 15 14 31 11 31 44 45 33 33 39 12 31 49 19 29 11 20 9 12 49 26 38 8 
37 31 11 35 40 30 5 18 31 23 39 19 25 13 11 40 33 36 50 19 34 46 44 49 13 39 26 40 33 37 36 43 45 23 5 15 33 10 31 7 5 21 21 46 46 42 22 13 6 11 13 17 17 42 22 24 44 47 21 49 12 14 41 46 46 8 49 34 21 29 25 23 5 43 22 20 44 40 19 13 41 23 40 48 15 12 45 44 25 9 31 31 5 31 39 10 7 43 32 24 7 16 27 27 21 19 22 18 20 35 32 21 29 22 18 13 26 34 28 36 8 19 33 36 41 18 47 21 39 45 44 8 46 24 5 47 30 43 14 39 35 17 26 48 15 21 29 10 26 16 6 38 46 8 28 24 50 33 26 39 6 32 43 49 8 30 22 50 49 5 47 48 43 42 50 13 29 44 30 47 19 43 19 33 26 50 39 7 48 35 27 23 42 11 45 9 28 35 44 37 31 10 22 37 8 22 46 13 45 45 18 44 6 7 41 9 30 23 47 17 47 34 14 50 5 
25 47 19 30 11 48 43 11 32 7 45 9 16 42 25 41 46 18 26 46 27 49 11 18 31 44 40 9 32 18 44 36 27 33 29 46 17 37 37 31 38 8 28 21 22 18 12 35 23 23 24 7 45 42 11 42 19 37 19 44 48 47 46 39 32 44 25 50 19 5 30 31 40 18 12 26 32 11 9 28 30 11 35 23 28 30 13 41 19 33 11 29 33 24 41 30 21 48 40 11 9 49 23 23 5 43 23 33 21 49 35 23 20 18 23 15 32 47 22 42 35 9 26 39 45 22 29 5 50 50 26 40 8 18 31 18 19 24 45 21 36 11 34 19 23 26 6 5 31 34 44 10 22 33 31 20 49 8 50 35 26 48 28 34 42 8 42 9 23 38 5 33 26 28 19 28 18 45 48 12 29 35 7 34 17 44 10 18 7 29 37 10 30 14 37 37 17 30 27 41 40 28 23 10 26 47 37 18 49 10 6 35 24 23 42 35 12 12 50 38 47 18 12 38 46 
23 34 18 40 7 21 10 7 11 32 32 38 37 48 19 48 49 48 13 21 22 43 36 23 40 11 36 22 47 7 34 8 42 21 31 24 14 40 18 13 9 20 29 48 42 24 29 6 48 34 18 20 34 39 40 26 43 25 32 50 8 15 33 24 6 43 45 31 12 22 26 7 50 42 28 45 23 47 28 9 47 26 38 8 38 38 30 31 16 48 41 50 30 17 37 36 19 23 50 9 31 24 36 37 26 5 27 8 40 22 35 43 7 32 23 31 5 35 47 9 16 41 16 16 14 7 26 14 16 17 11 40 22 32 26 43 5 21 17 9 21 42 18 20 9 33 22 27 50 41 48 20 31 18 32 37 10 23 9 30 28 7 32 28 41 19 9 15 23 44 41 16 11 36 24 17 10 27 44 43 8 40 37 34 41 41 37 26 46 22 18 11 49 26 23 19 17 19 7 20 25 29 18 20 38 22 16 43 41 7 44 39 34 25 30 40 25 10 8 41 28 10 18 43 34 
17 15 41 32 24 44 6 6 44 33 37 39 13 31 12 23 31 40 40 9 41 33 10 42 31 41 48 22 14 10 41 24 42 25 38 18 26 16 41 34 25 23 33 37 16 14 16 40 16 41 20 39 8 8 28 15 23 31 47 13 38 42 8 43 22 20 45 41 48 6 17 34 33 11 5 15 12 12 49 40 49 47 30 26 49 43 42 13 13 6 44 33 28 34 43 44 15 47 5 44 12 30 23 46 42 42 37 8 49 31 32 8 7 11 49 47 17 11 25 39 30 12 20 24 24 46 42 17 46 23 44 42 32 45 14 24 50 38 35 5 7 6 16 44 7 39 35 24 13 50 21 22 6 22 39 8 47 39 47 24 43 39 11 30 13 7 29 44 35 8 36 35 35 31 15 24 29 49 43 27 29 12 39 11 44 23 43 37 33 34 11 12 24 30 30 42 37 38 40 18 12 35 47 39 10 19 49 41 12 16 25 31 42 9 50 47 9 35 8 14 49 6 37 13 7 
6 14 22 8 32 26 43 9 16 15 14 42 18 12 15 13 42 7 44 29 29 28 50 17 8 19 46 18 38 6 21 34 50 47 13 48 15 22 7 31 42 24 32 16 46 46 9 33 25 10 27 31 20 9 20 7 21 30 21 43 23 33 42 5 39 21 50 10 44 27 38 12 35 35 44 6 14 20 41 21 15 14 17 8 16 15 40 5 29 34 28 39 7 30 24 18 6 14 28 36 46 11 6 36 22 20 5 40 5 24 10 48 38 27 15 25 30 48 47 40 10 15 11 6 22 18 41 6 34 28 11 32 47 5 44 16 22 34 49 22 29 38 7 50 29 30 11 21 9 8 31 18 24 28 13 36 35 14 19 11 39 22 6 46 40 8 33 26 42 50 35 31 15 32 16 21 40 19 14 37 24 27 45 6 32 36 32 8 22 50 42 28 35 20 47 16 41 41 27 7 35 41 29 10 46 27 28 16 6 38 29 49 41 34 15 42 48 6 37 24 43 5 30 42 36 
17 43 7 11 37 18 27 39 37 37 18 10 14 36 7 19 38 13 29 30 47 19 42 13 19 45 20 22 45 43 39 47 43 48 16 31 13 19 24 41 29 16 11 44 19 24 32 12 17 40 36 7 45 43 50 13 24 31 45 23 46 42 39 16 36 11 8 46 36 22 7 34 5 34 6 27 17 23 29 48 31 34 11 31 29 15 46 6 28 37 11 13 28 39 6 42 39 20 16 25 15 39 43 7 39 44 42 42 14 26 42 50 34 30 21 18 27 16 42 34 24 15 22 11 47 5 32 46 17 30 19 46 29 35 22 49 8 9 34 42 41 12 42 15 25 16 49 16 29 17 13 36 50 17 38 31 6 12 23 38 16 18 28 46 33 32 9 41 32 13 10 39 40 7 7 21 12 46 9 27 46 10 11 13 19 6 35 39 25 5 38 24 35 28 12 12 31 13 25 12 19 21 41 28 27 17 13 10 44 12 9 27 15 41 25 34 36 21 27 46 41 48 19 30 21 
40 37 34 30 6 34 11 22 19 38 35 38 45 6 26 18 47 14 37 49 20 43 23 50 46 14 18 27 13 17 9 43 7 22 39 28 30 43 15 47 18 15 40 38 50 13 42 11 32 20 40 34 31 5 20 44 17 7 27 22 32 31 35 5 7 32 36 9 24 43 18 5 21 46 13 30 17 16 22 5 41 18 10 50 6 18 39 37 13 5 12 35 6 15 15 10 25 30 43 42 15 8 44 37 20 10 43 37 24 27 46 18 11 37 50 26 34 34 21 27 30 7 23 50 11 37 21 35 34 14 15 31 40 38 22 30 16 13 49 43 44 44 30 25 46 19 33 23 42 34 36 10 14 29 39 38 12 20 41 10 35 24 13 14 13 21 26 27 47 33 16 43 21 18 21 16 40 21 46 12 42 6 37 6 39 16 5 30 20 20 10 19 16 36 46 20 38 34 18 37 19 16 16 25 26 27 6 38 40 23 10 17 40 29 34 48 19 34 38 39 23 23 30 22 11 
29 38 22 20 39 11 29 32 27 34 17 26 35 45 40 50 34 20 13 5 46 49 17 43 38 37 41 17 40 28 50 23 41 8 32 22 26 18 46 12 9 17 27 17 47 35 48 6 43 49 12 18 44 38 23 11 23 40 33 26 5 19 10 15 27 30 43 24 46 19 7 40 47 8 21 18 18 8 25 9 48 43 45 20 46 27 9 42 45 23 20 32 10 23 35 39 17 42 23 9 12 41 27 35 49 27 44 31 8 12 27 16 39 10 21 11 24 7 24 43 50 50 32 22 7 40 28 39 20 33 39 13 16 31 13 32 26 18 22 29 34 39 15 40 32 26 14 7 23 27 26 5 29 46 50 17 38 12 10 12 48 33 44 15 35 39 26 46 11 14 37 28 29 30 5 17 46 31 41 21 19 17 9 7 42 11 6 31 47 17 32 45 48 10 47 16 10 8 15 5 22 32 46 15 30 21 8 38 11 41 6 46 47 7 9 36 48 5 14 6 36 49 31 26 28 
28 9 48 35 18 17 34 5 44 26 16 5 5 20 20 28 39 9 11 5 7 47 17 18 41 23 17 41 6 47 12 35 23 14 9 43 49 17 37 48 40 15 23 40 35 29 12 19 26 48 50 36 37 44 46 21 24 33 13 24 35 11 49 12 35 35 41 26 32 17 16 17 15 46 8 17 30 26 44 15 47 38 44 8 8 23 14 44 38 28 15 22 22 49 21 28 50 47 30 12 14 6 31 37 50 17 48 24 28 12 36 15 9 23 46 5 19 18 35 31 16 16 37 41 47 18 23 30 23 45 33 5 5 41 12 39 37 39 12 25 12 38 26 43 26 9 9 14 36 39 8 26 42 20 12 9 35 28 10 35 11 17 28 8 10 34 8 47 14 33 36 41 16 17 40 14 30 5 19 45 33 39 50 21 49 45 47 19 22 14 22 39 25 44 31 47 48 50 49 43 12 6 5 17 13 42 8 25 6 14 31 38 12 45 19 29 19 12 24 38 43 9 45 11 18 
28 23 20 13 14 42 18 16 48 19 20 26 19 49 46 39 46 10 38 31 25 50 32 12 41 20 24 24 21 37 39 34 33 26 13 48 33 48 35 44 47 31 23 17 41 48 28 13 9 21 35 38 43 11 36 43 39 21 27 41 49 32 6 45 47 35 29 16 6 19 46 43 32 47 43 7 38 28 27 19 33 49 38 32 16 27 6 38 35 28 34 27 38 31 7 12 41 43 32 25 30 49 47 30 7 23 26 44 45 11 31 6 34 16 37 12 9 19 24 5 19 13 39 48 20 46 13 10 27 8 5 22 45 45 24 37 29 25 35 40 50 34 19 31 18 41 38 11 12 26 43 9 30 43 44 17 46 19 37 12 26 41 31 33 32 37 24 28 17 19 16 40 17 46 17 6 41 13 18 8 33 9 16 40 8 11 35 46 45 31 25 12 8 9 39 13 48 22 22 46 32 17 35 38 50 29 6 14 36 34 9 10 33 27 37 41 50 48 6 32 13 20 15 50 16 
16 47 50 35 13 31 28 23 5 36 45 44 34 38 17 35 26 5 49 7 23 14 42 33 22 36 26 43 34 46 37 30 14 40 47 7 49 11 47 20 43 41 37 21 40 42 35 5 42 12 26 50 31 21 39 36 46 50 46 42 23 29 31 44 17 29 36 31 37 15 7 48 24 28 50 24 14 43 33 29 11 31 14 34 48 27 48 18 44 15 27 44 9 31 14 32 27 18 34 20 30 30 7 42 9 45 32 39 21 24 44 22 15 25 44 16 16 21 6 24 21 31 24 32 32 17 29 5 11 32 36 19 15 8 29 41 34 35 24 6 28 23 38 42 8 22 5 17 8 34 29 13 48 40 37 34 40 15 16 43 45 18 46 39 13 42 44 45 35 14 33 34 21 8 34 44 45 11 12 7 39 24 24 15 33 14 5 49 48 29 18 21 8 31 49 30 17 8 19 21 47 22 16 15 45 42 31 45 31 17 23 5 29 26 26 34 5 36 29 37 30 11 38 31 21 
6 6 14 32 45 37 37 7 35 33 48 18 50 43 5 39 9 9 35 9 23 11 25 39 49 6 16 5 36 10 28 43 42 34 31 25 50 38 22 33 43 41 5 25 39 30 37 18 22 35 6 25 27 46 31 6 46 24 28 31 21 24 35 9 48 36 29 35 40 39 32 10 30 27 44 34 27 22 36 8 47 31 6 47 39 5 48 12 18 30 16 20 12 15 25 17 47 18 28 47 11 5 7 46 11 38 33 5 15 43 33 24 16 44 40 36 30 20 16 19 25 33 28 21 44 30 5 31 21 20 38 44 27 39 20 16 42 30 35 50 45 33 27 32 37 8 38 22 39 8 11 33 28 30 17 19 7 37 20 39 22 20 35 44 11 13 5 19 44 26 42 19 20 30 31 33 36 39 43 25 6 16 24 44 38 5 17 42 46 36 5 49 40 42 19 21 42 5 5 29 43 16 19 5 12 15 48 6 18 25 22 47 49 26 19 14 43 10 31 36 32 33 8 49 5 
40 34 40 18 33 32 46 48 13 48 44 36 27 36 26 30 8 49 28 38 35 10 24 19 19 29 29 23 33 38 16 32 50 26 42 37 8 29 31 5 45 41 41 36 48 28 40 48 41 49 14 48 40 29 28 47 31 23 38 18 29 31 28 7 5 48 10 30 8 30 49 16 6 26 25 36 7 42 23 20 19 30 25 11 13 29 35 49 37 28 48 32 42 18 13 24 35 16 6 14 37 33 22 32 5 5 21 36 39 36 16 46 16 24 24 9 39 20 21 14 20 40 14 34 5 50 42 35 31 12 30 31 29 26 40 20 21 8 35 35 6 12 8 19 33 28 28 49 15 11 18 11 50 22 50 45 20 7 14 23 11 7 34 12 16 41 27 35 7 16 27 29 5 42 23 32 41 17 31 24 41 7 11 35 6 25 36 41 48 33 35 18 49 25 17 35 24 10 32 22 34 27 31 38 35 15 50 45 28 37 10 39 49 15 30 31 50 43 8 6 28 17 40 50 35 
13 28 25 17 25 44 11 44 11 38 50 48 17 12 46 39 29 11 47 46 45 31 32 30 6 8 28 22 33 33 30 22 43 19 31 11 33 24 42 33 34 17 44 50 37 17 28 15 40 7 24 20 8 16 24 46 7 14 26 39 29 25 33 38 6 35 16 49 10 33 24 7 25 35 17 6 33 44 6 33 14 10 35 23 46 8 31 30 33 38 31 21 20 23 10 22 16 45 27 6 41 11 41 45 35 43 7 46 15 12 16 24 47 23 36 28 31 45 12 11 22 22 44 48 48 19 27 16 25 38 29 37 41 11 33 42 29 28 23 13 8 19 10 40 48 42 20 30 11 7 49 32 42 21 38 33 33 8 43 25 49 33 29 28 36 37 48 5 42 20 6 16 14 21 41 22 29 23 28 19 15 50 36 45 18 18 28 25 44 41 20 30 41 38 12 34 43 15 19 50 20 7 17 13 23 36 26 49 26 38 21 19 23 9 12 9 38 15 13 23 9 12 41 21 14 
34 37 8 44 35 13 8 47 32 44 27 42 30 30 37 18 23 33 46 45 14 40 43 47 31 33 38 19 8 11 16 23 40 22 35 19 48 27 36 47 10 24 35 22 8 39 8 12 18 16 47 28 29 19 14 43 27 39 39 31 20 7 26 34 7 40 9 9 27 17 25 7 32 38 50 20 21 42 12 19 23 13 42 27 33 38 26 34 23 45 47 22 41 32 32 44 23 15 16 13 40 33 45 25 41 43 21 31 37 18 47 34 23 19 29 25 47 44 42 40 34 24 16 46 35 45 40 25 17 50 26 43 23 48 22 9 41 34 43 25 14 6 11 36 7 47 15 8 17 35 42 39 42 11 32 16 18 35 49 19 47 26 11 22 12 21 25 34 43 6 25 22 15 46 15 41 27 50 35 35 33 12 20 23 25 10 36 6 47 50 46 33 10 21 46 16 34 15 8 31 9 46 21 11 45 41 37 32 9 9 38 43 8 50 27 38 12 41 47 21 19 34 38 38 42 

77 26 115 47 32 198 127 89 71 184 159 75 53 19 17 151 76 145 13 122 98 57 191 110 136 156 22 126 116 111 126 180 25 60 122 64 181 159 11 14 162 115 39 32 121 181 24 121 53 105 110 24 43 54 53 123 72 154 70 38 152 108 62 44 98 99 48 187 109 99 128 118 156 32 169 187 32 43 93 18 92 58 152 77 103 129 167 178 133 131 29 61 58 181 128 77 120 175 167 120 117 48 63 27 49 130 184 53 71 39 132 27 194 175 166 171 158 142 192 169 42 160 76 179 127 95 57 88 108 190 89 28 124 58 125 77 132 92 61 134 120 131 19 126 131 102 183 104 195 142 64 143 117 128 120 83 129 196 24 43 110 45 155 162 81 89 29 169 76 69 192 75 153 32 10 25 171 78 199 145 24 138 146 118 10 140 19 142 200 32 127 186 74 163 143 84 19 64 165 38 164 108 156 62 124 127 15 44 40 106 35 155 151 90 10 14 58 168 59 104 156 38 53 194 34 
123 85 22 97 106 187 178 89 37 51 182 52 189 129 132 94 120 163 122 175 124 171 74 137 26 171 45 71 111 34 151 66 133 84 169 151 199 160 155 161 46 58 77 77 77 159 89 187 146 100 107 113 52 117 10 25 114 140 28 77 184 34 51 124 37 157 18 179 194 130 138 26 83 170 156 141 167 75 111 125 151 61 149 27 21 184 27 138 45 188 167 176 171 131 129 28 138 183 50 95 142 35 95 126 116 88 38 141 124 154 100 77 101 23 172 30 70 34 24 117 153 65 95 15 50 52 165 188 46 117 50 160 51 160 77 166 187 173 100 57 27 68 143 145 141 171 106 108 84 150 21 35 163 23 95 148 117 173 29 11 96 41 67 123 117 54 74 95 76 84 26 19 56 39 120 35 116 63 86 173 74 141 181 31 36 162 15 141 126 126 90 16 45 19 62 145 65 83 111 80 161 154 165 161 49 172 158 29 30 94 103 72 62 94 75 46 147 79 75 52 97 85 31 136 155 
24 138 54 121 186 51 179 69 105 94 114 63 64 53 146 175 21 160 133 97 71 171 45 108 88 10 172 198 83 88 154 169 185 91 159 141 56 24 149 127 94 197 87 129 169 68 197 136 111 137 46 60 52 152 42 124 168 195 33 17 133 179 49 86 33 115 90 143 180 36 113 156 182 136 177 126 200 81 103 17 82 91 141 127 41 168 175 116 42 108 140 122 86 180 39 26 67 180 190 120 152 103 190 181 179 190 124 10 31 136 171 195 22 77 84 47 150 134 147 162 130 155 64 124 48 141 133 79 72 14 77 54 156 116 189 65 149 31 81 174 183 90 181 189 134 158 118 14 160 15 60 18 87 150 62 23 163 87 175 112 163 174 149 79 45 173 57 181 75 117 164 73 141 152 132 47 118 93 43 20 158 186 19 68 62 70 65 55 135 169 93 123 164 135 99 186 132 84 194 93 180 18 72 45 95 167 178 73 58 142 94 97 54 176 72 107 170 94 68 190 22 160 153 156 172 
63 147 128 75 143 175 76 167 66 137 128 56 23 184 161 101 108 14 21 140 63 129 47 199 14 132 150 175 175 189 128 167 95 160 104 186 99 43 59 81 50 36 97 31 70 192 162 193 73 91 20 200 130 143 178 121 72 135 189 123 41 190 168 156 198 37 118 176 128 88 151 50 66 66 155 174 117 64 194 101 62 146 69 178 148 127 55 22 78 179 27 104 144 69 136 29 33 34 176 94 21 136 184 57 44 197 85 59 190 10 62 129 35 66 65 125 77 178 82 49 74 96 144 196 187 25 140 141 196 69 108 144 109 58 166 162 174 137 103 35 20 37 190 195 92 194 142 38 89 158 136 69 157 41 126 159 191 132 34 86 94 81 154 153 42 39 82 121 54 42 198 168 52 111 93 62 23 172 59 113 79 125 84 189 79 54 132 122 169 20 60 103 169 134 25 174 117 134 157 146 165 42 130 18 164 94 74 144 11 158 154 169 14 73 11 120 11 164 150 110 179 200 187 188 46 
34 116 29 139 154 194 150 88 20 71 187 191 44 62 19 166 160 67 118 153 170 99 172 66 164 131 115 121 58 193 95 123 93 63 36 85 199 41 104 143 154 88 80 183 80 81 161 22 161 101 117 51 155 75 70 13 185 118 133 34 128 37 52 130 19 92 180 122 165 79 113 122 88 184 22 87 193 198 163 114 91 99 112 159 31 137 160 105 43 182 74 63 179 103 184 72 27 72 92 69 93 121 27 162 16 193 137 50 124 59 142 173 127 75 54 72 42 96 82 127 27 199 83 177 187 192 186 67 147 66 23 189 48 53 186 112 47 122 157 194 92 142 77 143 116 139 133 136 191 90 79 23 43 189 87 149 45 156 94 69 171 134 192 15 123 132 117 62 63 200 114 57 105 64 140 196 161 189 183 138 116 176 49 152 135 96 45 147 103 197 21 55 60 133 189 136 116 108 158 11 65 166 112 54 182 41 63 111 19 118 166 175 24 20 131 30 117 121 136 31 11 165 159 33 80 
87 126 39 136 60 143 106 24 133 151 35 104 32 53 170 133 31 199 65 165 114 19 80 92 70 97 57 117 41 187 67 90 108 67 167 76 148 188 152 50 71 200 86 173 137 153 51 133 66 195 79 13 162 55 102 67 159 181 41 156 65 185 140 192 52 160 195 18 110 48 93 30 41 154 32 159 129 160 78 163 175 193 23 54 174 191 98 67 119 123 51 135 185 125 195 59 175 46 29 23 131 70 150 168 28 62 100 78 14 111 93 119 75 10 39 156 92 64 87 115 111 134 162 79 74 109 189 149 86 20 138 186 47 92 104 134 80 25 175 106 50 43 10 155 158 99 131 17 119 114 123 200 48 53 38 187 197 197 48 52 33 96 18 51 199 31 190 101 157 17 192 65 102 80 191 32 191 15 186 172 132 155 16 85 146 14 60 107 129 176 118 47 194 149 54 24 114 189 93 96 115 164 176 14 136 159 80 155 134 86 95 185 194 182 53 146 90 119 58 25 108 137 43 154 149 
192 41 106 138 10 83 112 121 138 133 39 182 82 132 79 40 137 86 96 110 137 150 91 71 14 87 40 97 139 185 42 163 123 174 39 158 115 166 168 122 194 113 119 193 97 58 27 179 196 97 60 41 165 30 102 61 16 55 74 185 21 160 28 190 35 173 153 73 128 32 16 69 176 127 43 199 115 91 171 170 52 75 42 60 181 136 15 183 64 57 121 59 15 166 34 61 75 134 53 32 107 121 110 112 95 153 82 18 81 84 169 162 60 51 47 53 188 54 72 149 87 177 189 103 96 36 166 73 61 147 112 102 61 85 165 58 131 27 183 150 88 34 47 192 93 55 32 81 111 101 156 127 141 126 106 184 185 34 16 159 71 56 71 52 28 22 76 54 41 134 191 80 79 127 76 38 75 20 131 199 31 110 149 96 143 130 49 93 193 96 156 30 200 39 125 31 166 31 166 65 63 79 175 136 67 97 175 86 67 74 76 133 190 192 156 121 164 56 110 122 24 56 50 64 178 
50 167 15 115 177 183 173 98 51 126 165 189 49 84 98 100 16 143 65 37 15 125 39 161 28 141 183 142 50 165 51 197 151 16 54 46 54 13 80 61 126 116 71 143 68 131 91 47 168 74 69 176 133 152 112 83 14 156 113 26 95 176 100 166 62 179 140 61 160 90 54 156 116 12 33 112 145 194 135 55 116 94 121 134 28 144 150 197 113 42 21 145 41 50 188 121 109 183 122 58 168 89 57 125 133 47 162 129 71 62 102 147 23 151 31 52 78 63 94 147 63 40 162 89 18 147 23 194 61 43 21 99 174 50 128 162 115 111 143 75 120 194 190 113 154 93 160 200 185 138 32 20 111 77 66 18 184 66 29 10 69 22 153 71 94 38 130 187 176 176 114 155 57 106 121 124 74 102 55 61 151 51 136 87 73 66 53 127 127 56 158 18 175 86 144 116 96 192 60 160 114 30 65 166 72 21 40 173 66 42 124 169 106 167 90 103 64 58 185 126 124 16 116 29 26 
176 63 155 75 111 81 163 166 48 121 107 72 102 66 194 105 117 98 113 57 117 153 45 174 41 17 58 113 79 121 119 153 159 17 62 173 155 75 96 158 33 84 31 114 100 197 43 170 138 137 119 73 112 34 71 154 154 136 194 85 89 74 91 93 161 189 56 172 164 170 90 70 48 47 59 70 89 67 62 130 184 69 160 135 133 154 96 33 10 67 72 155 80 78 145 72 174 126 198 83 124 108 116 81 109 114 143 174 155 58 122 91 62 91 98 126 183 67 101 73 189 114 135 146 65 64 166 181 65 112 139 11 198 106 39 175 39 102 27 138 59 32 187 104 23 62 10 100 116 16 108 149 11 128 181 124 56 12 89 199 55 45 85 84 113 134 16 13 107 27 14 96 162 64 88 46 103 120 173 172 69 23 140 25 60 65 190 166 98 180 158 71 145 143 181 11 37 194 177 152 29 87 70 86 99 127 172 166 43 36 163 37 160 156 145 42 171 88 18 188 170 104 109 145 20 
101 67 64 122 47 151 124 135 192 50 192 41 92 99 136 26 171 49 182 117 55 161 62 151 78 105 95 178 134 68 142 49 116 141 87 138 158 48 106 120 157 161 36 161 25 102 149 22 73 183 141 144 187 151 44 163 76 148 152 170 110 150 162 113 38 199 64 169 92 48 149 87 48 136 190 145 142 74 44 98 23 182 46 134 168 157 174 82 46 31 87 50 95 96 133 46 105 184 43 174 173 48 79 181 32 51 40 43 119 124 51 126 97 87 22 178 83 43 72 66 190 114 135 13 163 75 92 77 103 106 100 17 94 143 36 94 67 170 161 83 28 30 155 158 11 49 36 68 144 31 186 16 67 38 38 177 168 107 153 47 11 28 111 102 43 72 80 108 139 121 112 95 26 134 151 199 49 52 32 175 48 79 151 90 53 177 85 26 133 154 65 172 87 137 34 146 27 100 35 55 100 15 110 200 11 133 127 12 71 58 40 166 177 159 38 54 115 17 115 31 112 31 77 49 76 
179 102 165 72 179 81 38 30 63 125 32 45 115 29 60 113 185 80 16 115 103 112 139 80 75 199 33 154 161 49 130 120 143 85 195 174 149 22 106 105 106 128 40 54 172 96 184 31 65 59 144 11 26 45 166 119 24 192 163 37 185 39 144 43 68 161 18 131 131 103 146 169 145 132 106 75 128 10 105 98 54 162 130 133 63 24 14 85 32 26 115 47 198 109 11 33 133 147 154 196 29 133 191 10 141 141 114 73 132 121 162 66 61 110 189 69 148 103 167 90 154 120 142 113 41 159 140 141 18 104 143 44 138 165 98 37 133 25 155 35 106 85 32 39 38 121 63 20 68 135 120 164 99 114 23 101 128 107 173 152 51 74 29 144 147 88 118 175 156 16 54 48 151 92 17 134 84 193 82 113 98 160 10 111 200 87 38 69 86 190 103 11 61 160 195 88 117 155 195 26 141 116 15 67 135 100 120 143 106 165 16 27 12 130 107 15 134 171 88 86 187 14 81 156 115 
104 172 64 106 198 37 58 140 109 155 44 132 55 128 120 200 89 33 22 120 102 131 95 29 128 180 103 161 13 184 62 13 40 60 121 160 174 190 128 67 52 124 44 17 27 65 144 26 84 102 121 100 41 148 184 76 77 67 60 22 193 24 36 178 163 60 177 156 176 118 105 70 126 56 56 168 81 73 37 18 61 75 84 67 143 67 86 112 124 75 87 56 84 169 179 51 165 142 179 186 198 54 74 90 76 121 98 103 92 28 35 158 43 159 119 130 100 46 190 62 113 19 98 11 46 72 179 39 151 59 143 47 175 47 46 30 195 168 49 181 197 195 90 16 197 140 135 89 164 158 53 136 126 148 28 192 148 83 40 182 173 176 116 166 24 198 115 52 14 153 74 60 107 114 33 164 162 168 31 69 140 156 39 100 175 134 179 45 181 174 151 181 126 132 63 170 45 34 56 63 65 186 92 23 33 42 47 165 98 86 192 73 28 196 108 158 25 19 143 69 76 112 18 125 67 
200 188 186 101 67 78 158 54 84 159 99 127 98 145 103 63 55 93 141 71 29 67 182 166 84 106 110 183 50 174 126 155 111 31 23 86 152 173 40 26 69 48 116 194 197 129 60 99 136 131 139 11 177 70 33 130 136 96 200 24 105 129 41 45 81 179 190 168 176 189 116 78 49 119 16 183 124 18 19 71 122 57 29 141 40 41 84 163 108 121 127 164 199 131 117 121 179 141 119 126 78 40 127 34 105 148 49 196 87 51 24 14 84 132 28 179 182 97 117 108 165 71 71 168 137 68 72 12 163 67 186 190 113 164 68 54 29 152 111 176 123 192 148 130 48 21 190 65 166 194 26 66 86 100 157 67 99 143 76 45 187 198 178 52 62 181 116 37 56 65 53 117 85 66 131 13 22 187 171 95 149 121 112 75 161 156 165 33 189 107 103 184 83 117 70 162 184 84 178 136 97 42 11 136 17 93 108 37 150 131 108 79 149 12 118 115 131 83 123 155 176 40 103 103 42 
160 24 183 95 195 165 103 69 60 124 130 148 102 65 81 184 111 189 84 140 44 24 69 45 93 110 36 134 93 137 176 187 165 139 129 143 26 153 190 81 58 183 175 136 117 81 188 46 32 100 152 47 159 174 149 64 101 59 181 182 101 127 162 82 89 195 170 100 123 115 68 90 39 200 199 160 47 120 122 111 130 169 64 107 105 11 117 97 133 188 183 166 47 55 51 60 104 72 178 16 61 198 90 111 14 11 188 124 53 183 105 63 34 56 81 16 89 138 106 100 75 150 109 52 61 25 68 122 172 135 82 183 126 36 174 112 94 173 148 42 15 186 74 164 193 115 90 137 20 99 43 39 136 132 175 62 23 128 85 190 175 54 136 164 145 50 140 51 14 11 46 82 121 33 161 38 147 105 46 199 66 198 143 32 156 170 34 160 198 89 44 138 16 79 59 69 172 66 193 16 61 148 31 16 61 109 37 188 195 17 13 165 173 83 142 139 130 198 118 164 112 152 120 174 196 
22 120 130 26 13 49 169 113 175 94 57 40 56 151 23 27 189 29 25 44 53 152 82 67 122 94 165 45 160 18 189 125 187 135 138 65 65 119 66 127 71 85 22 25 53 175 200 60 150 114 121 168 102 179 80 142 99 121 200 175 85 181 93 165 77 71 22 54 132 24 117 90 104 139 84 46 136 10 131 185 139 169 91 94 166 105 89 30 177 69 158 107 24 119 49 65 29 179 173 176 173 179 122 89 122 79 133 65 161 45 163 154 39 108 181 87 157 62 141 170 67 85 107 56 185 55 140 48 77 169 64 24 181 174 139 95 123 51 174 75 151 185 45 128 140 75 194 112 124 196 37 16 139 99 25 111 44 23 192 12 187 127 184 117 198 39 123 143 10 114 69 104 13 57 64 152 10 107 167 124 153 120 200 156 73 143 188 148 38 155 34 148 33 122 22 33 191 33 195 148 149 190 131 99 190 195 21 14 15 59 116 109 52 193 76 146 193 15 197 110 165 162 27 161 46 
164 144 180 135 91 112 145 45 11 173 25 43 153 195 125 81 58 168 27 75 14 91 66 108 48 59 107 78 51 12 146 61 107 199 124 121 35 132 138 54 112 59 153 98 56 18 168 153 105 36 186 77 74 17 69 34 62 157 139 64 156 26 159 192 110 160 114 32 151 89 83 187 60 90 198 187 132 159 41 88 194 46 33 126 155 173 151 42 60 94 198 196 93 50 185 83 137 148 52 159 132 172 180 23 75 74 169 104 87 94 93 137 190 84 19 139 84 177 136 24 95 96 149 116 94 200 52 63 39 156 122 145 174 155 144 198 73 107 37 115 41 76 152 142 189 110 175 26 87 30 51 125 174 192 151 158 74 166 49 75 92 151 129 170 105 172 200 88 27 165 169 142 86 157 197 115 54 118 123 99 48 10 164 197 44 80 156 197 76 167 91 72 150 16 171 20 175 193 123 144 20 25 142 18 46 113 93 94 163 178 107 34 67 65 199 23 164 139 64 26 140 149 50 196 38 
130 172 14 95 62 155 128 177 54 120 50 62 82 28 161 24 71 15 195 178 61 122 72 116 58 11 199 67 17 25 187 26 99 97 123 172 124 64 133 116 189 112 61 11 43 119 146 156 81 139 173 51 185 119 179 34 12 199 93 100 186 160 28 98 132 97 93 169 111 31 64 147 195 27 146 83 116 184 55 131 190 184 152 146 37 30 28 52 147 160 173 94 99 28 62 183 166 77 190 50 196 75 14 64 111 110 143 120 172 13 78 20 122 169 52 84 49 90 168 53 120 85 18 185 139 143 91 165 12 88 36 165 134 154 186 191 184 34 16 90 16 83 198 190 86 143 35 16 165 106 132 21 42 66 83 50 10 22 49 68 91 132 159 100 43 42 177 81 195 72 98 107 136 121 136 177 83 40 185 98 82 123 47 186 81 59 116 112 14 154 75 34 21 113 68 57 40 86 188 66 124 91 44 48 27 60 104 10 133 170 131 135 158 77 98 91 13 32 51 39 88 166 51 24 193 
135 158 155 182 23 18 167 77 85 49 67 38 136 69 76 105 183 109 36 116 187 78 121 38 12 177 82 131 48 41 10 163 181 107 107 35 36 167 181 163 134 151 106 161 79 94 199 92 13 28 107 100 110 165 153 66 180 164 128 46 200 17 174 126 55 66 182 197 156 23 41 163 180 23 152 75 142 61 148 165 80 44 26 81 113 91 189 77 191 35 152 181 192 185 117 56 62 71 152 115 142 64 94 105 98 112 115 168 45 126 198 125 51 70 112 116 183 111 130 132 199 51 161 129 52 149 41 93 165 170 36 200 74 134 56 54 18 112 137 198 80 172 38 75 74 145 107 52 161 160 115 115 74 151 82 143 80 165 62 163 87 93 124 143 82 31 120 187 29 21 197 32 150 16 100 144 17 69 17 169 168 147 43 16 142 75 170 61 58 165 73 94 19 124 137 105 45 70 46 95 74 49 170 99 53 29 22 68 159 91 44 195 151 68 164 149 170 92 196 164 99 31 138 195 97 
54 12 94 96 16 158 27 122 23 13 164 130 98 129 24 155 183 175 37 32 51 38 124 57 68 115 199 106 103 66 190 134 114 142 179 63 149 171 25 86 94 142 95 153 184 66 67 168 53 35 69 174 101 143 199 95 153 23 198 143 23 111 71 57 52 130 128 16 155 82 72 81 97 97 42 110 149 142 90 193 47 129 98 170 25 182 125 40 189 40 90 128 10 191 49 194 61 105 101 54 146 48 188 37 77 180 120 90 114 199 96 163 66 28 138 200 169 83 117 166 104 174 104 182 152 178 142 69 56 86 32 23 176 178 194 130 61 58 149 14 79 143 37 122 148 55 172 31 144 29 15 93 47 76 36 87 135 72 30 100 36 196 182 114 121 89 163 54 14 36 169 132 162 75 124 188 98 76 121 147 77 194 177 41 29 104 31 79 116 118 50 66 73 172 59 132 95 87 95 56 72 62 57 131 127 145 75 101 81 93 188 108 85 80 17 157 82 54 147 48 76 191 195 104 104 
66 191 149 84 69 162 149 170 87 140 162 168 83 200 143 43 81 177 197 24 59 16 50 30 73 28 86 143 122 10 173 169 152 155 86 176 149 66 125 102 14 176 188 96 90 114 135 113 120 69 116 124 60 102 185 181 93 193 174 30 61 168 172 33 159 100 32 179 139 182 161 159 138 73 79 190 65 57 116 117 183 63 146 110 32 63 160 65 14 112 87 86 101 91 64 46 14 195 11 126 184 85 174 89 50 163 13 114 63 105 48 49 174 151 93 162 80 139 134 160 43 196 124 29 109 73 126 170 80 194 193 198 85 23 200 178 98 58 171 191 41 89 65 76 136 47 16 190 122 186 33 23 47 39 182 66 27 12 63 187 94 14 31 200 169 84 41 89 200 74 10 25 118 14 162 104 47 83 54 44 174 128 53 91 15 168 71 194 180 152 51 82 18 64 116 32 24 200 175 177 90 150 131 176 39 51 63 91 195 166 113 35 21 157 169 105 40 60 96 27 69 22 154 60 100 
174 98 161 115 146 66 40 129 145 10 81 53 11 149 156 69 99 33 24 132 69 109 139 59 111 160 50 10 132 116 140 188 148 133 81 152 116 193 13 103 111 11 163 136 155 178 98 182 20 188 37 80 29 103 25 189 51 129 102 57 107 178 41 62 165 195 82 150 121 126 180 72 17 179 32 48 144 145 70 106 188 69 181 162 176 198 70 57 151 152 141 110 89 170 78 149 170 136 39 142 92 191 157 57 100 43 27 85 31 61 20 200 156 191 153 62 25 75 85 23 185 155 32 61 123 157 195 17 88 107 172 81 87 75 74 37 85 38 161 65 69 51 198 119 122 175 30 100 74 79 55 125 131 30 62 94 65 23 63 184 46 126 177 111 101 156 102 86 70 200 194 112 120 178 149 16 129 50 132 183 141 199 69 44 68 164 162 23 98 79 19 14 90 193 171 129 189 150 193 73 173 161 188 37 53 53 95 67 147 52 66 162 34 61 189 59 193 112 155 105 166 89 69 55 66 
90 118 19 93 10 82 168 138 121 66 85 150 159 111 164 117 99 121 100 152 66 33 57 87 117 70 50 114 177 153 134 53 89 167 93 80 49 13 122 168 38 82 50 128 133 143 47 105 180 164 17 30 165 166 92 23 102 106 154 124 191 38 193 111 141 162 179 136 138 56 178 77 93 66 30 101 121 114 49 102 45 118 174 75 108 89 162 194 68 193 111 161 170 133 151 14 21 125 134 46 139 57 151 67 79 43 200 169 159 20 32 198 199 34 124 174 181 27 157 169 140 82 46 175 40 190 78 111 100 97 158 86 189 117 109 141 145 160 119 12 70 58 76 34 138 10 39 185 29 198 148 119 84 48 173 23 100 171 183 23 64 91 185 115 139 105 62 106 116 115 43 46 165 130 90 194 142 45 156 173 197 59 95 20 67 75 107 174 186 128 50 99 139 139 196 126 115 18 135 144 63 107 191 58 138 50 79 137 88 85 134 129 125 48 158 105 84 45 75 73 140 45 94 169 184 
86 127 56 26 118 99 12 32 181 151 155 24 34 124 55 50 49 93 63 27 63 152 184 49 99 166 101 107 48 116 33 57 50 31 153 172 97 127 28 75 82 63 53 105 51 63 60 183 153 126 101 150 146 51 104 188 74 158 127 16 198 22 75 64 25 162 177 16 200 143 36 17 135 22 156 153 197 172 58 24 158 191 162 85 10 92 90 124 182 94 173 157 103 81 148 71 69 109 111 142 59 185 39 104 29 103 14 122 92 190 18 13 93 85 89 99 75 96 152 52 169 45 151 25 110 164 190 117 136 74 162 61 58 160 93 185 49 177 146 116 183 93 27 168 55 104 10 142 39 71 101 183 125 116 38 118 173 113 171 26 145 62 86 105 108 187 95 56 133 115 58 145 63 100 189 90 160 196 52 118 190 127 155 193 115 24 146 32 123 11 139 46 14 152 17 36 173 61 97 62 121 165 96 83 199 93 21 198 110 158 144 85 94 188 43 137 159 59 176 92 40 92 200 23 69 
62 113 124 180 110 35 20 92 159 139 25 55 33 185 79 72 186 197 98 178 168 157 158 10 17 146 176 11 17 38 188 158 90 166 184 188 183 131 192 86 20 59 190 52 79 139 126 173 160 138 49 88 66 41 141 161 85 74 102 124 120 176 196 54 179 98 16 78 20 41 133 87 136 59 84 147 52 189 200 192 54 146 154 42 88 64 43 154 174 42 49 79 67 55 15 183 149 155 60 40 94 141 189 53 81 139 113 52 150 49 173 11 51 35 35 10 189 139 70 172 44 36 85 64 128 120 39 200 190 66 152 164 131 148 30 132 74 65 88 78 60 140 122 41 128 200 163 174 190 153 182 28 126 153 58 139 106 14 193 61 86 163 60 20 71 25 113 136 74 153 171 127 187 146 181 103 108 150 44 105 119 181 144 80 58 193 53 94 65 12 65 39 22 179 85 103 136 124 137 193 13 64 160 131 68 61 148 169 17 30 71 106 157 36 174 42 121 63 107 58 93 91 131 175 19 
52 171 96 70 10 200 147 131 128 93 74 36 92 172 193 150 188 141 200 175 80 26 52 114 161 198 88 64 41 12 194 197 74 104 177 190 157 143 10 68 63 99 195 120 192 53 134 31 159 86 114 129 148 101 81 170 60 37 101 11 73 163 187 68 189 163 69 12 103 195 49 18 33 155 62 51 91 108 19 158 140 32 123 104 75 83 106 51 170 185 89 23 125 97 173 86 13 135 61 157 106 138 142 115 94 164 52 25 166 189 166 84 175 34 131 104 31 141 67 187 73 15 58 110 86 131 112 125 47 135 139 10 118 32 134 90 68 32 93 134 83 79 80 121 180 21 163 182 123 44 119 137 195 122 175 22 182 124 165 117 153 136 21 64 93 22 97 118 119 35 192 126 109 139 10 99 178 20 49 85 132 41 167 198 48 191 46 35 142 16 124 48 160 71 149 187 190 80 186 180 77 116 167 29 27 134 47 128 188 183 156 72 121 115 25 64 43 165 94 190 107 190 173 109 46 
125 169 39 100 83 21 24 181 72 98 162 81 198 156 125 11 117 143 16 122 166 190 160 51 141 115 66 28 55 85 136 77 173 98 74 133 15 149 99 58 107 184 78 166 103 187 170 119 168 42 187 84 92 78 169 164 52 144 103 162 143 60 162 40 123 62 167 194 143 116 21 65 176 37 57 13 95 69 143 80 14 117 177 89 186 73 39 37 137 22 163 150 33 16 149 151 32 171 72 92 118 102 34 31 113 94 167 190 63 117 186 96 134 31 152 64 122 115 115 123 167 51 47 141 113 177 110 46 134 164 62 42 125 85 84 112 19 143 159 180 173 27 22 174 14 48 177 130 15 14 179 60 60 107 190 198 38 46 47 146 178 25 82 188 64 170 166 103 74 162 14 80 143 174 66 126 143 120 106 65 61 95 152 16 76 86 95 168 10 24 57 13 91 35 120 155 31 92 17 151 82 129 147 155 172 162 86 72 27 102 193 194 156 62 183 185 154 200 21 121 90 21 24 176 28 
59 186 68 48 44 116 15 86 111 30 147 113 163 190 167 47 77 75 44 150 120 198 64 41 177 71 147 99 87 155 80 66 50 14 18 52 174 154 29 91 41 20 78 151 181 158 185 75 199 149 90 36 95 194 113 57 119 118 149 163 37 16 112 199 42 190 129 38 75 10 139 160 12 93 181 154 85 165 43 157 65 155 199 82 107 19 153 95 144 185 95 173 23 30 76 170 174 95 117 199 122 78 61 33 53 51 163 78 50 35 13 140 16 186 84 52 136 45 103 159 132 57 145 88 90 152 114 70 99 97 69 175 39 91 135 182 71 46 142 192 173 67 181 79 46 103 89 97 13 45 74 189 139 156 179 158 132 73 76 61 114 140 105 83 72 24 26 137 75 122 41 59 196 24 98 129 159 40 71 200 51 42 21 95 166 95 56 197 31 177 42 89 129 128 45 28 182 158 186 60 97 150 39 128 115 90 20 175 180 107 167 25 197 194 127 114 155 43 89 36 50 180 157 195 32 
184 53 182 147 123 140 162 197 152 166 21 190 75 23 112 83 24 106 107 74 69 53 115 69 162 87 173 119 136 25 28 119 69 22 126 77 19 166 128 173 190 27 27 77 105 111 111 68 111 179 195 67 12 10 60 166 192 60 154 146 91 77 43 188 93 94 108 133 135 56 76 32 148 60 37 193 171 66 34 185 31 22 76 163 72 147 44 194 158 153 93 29 17 162 193 94 159 154 97 47 200 157 150 186 101 145 51 67 113 50 141 130 146 200 108 105 168 15 187 168 197 41 125 44 69 195 164 114 143 84 165 157 115 169 187 135 140 78 188 190 156 131 124 39 25 110 51 69 170 185 19 10 92 108 115 19 169 18 53 30 78 24 94 155 58 70 160 24 79 183 143 168 171 133 90 28 81 157 83 158 124 42 192 97 37 111 147 137 35 75 85 89 183 109 98 19 125 123 92 124 33 68 111 182 36 153 167 178 114 74 73 162 139 10 60 107 114 199 123 112 176 198 12 172 78 
30 133 176 26 23 163 76 148 140 121 19 151 144 184 17 97 147 120 156 144 29 36 97 140 40 144 187 43 114 132 117 35 31 98 158 61 151 191 193 92 172 176 178 32 102 147 92 53 29 121 52 116 54 121 23 13 82 17 185 139 157 182 28 34 98 171 144 167 171 122 119 145 131 157 131 185 46 47 106 61 37 152 26 144 192 63 144 93 28 19 68 75 80 15 31 197 15 71 90 30 124 184 128 20 123 132 140 116 149 136 103 155 78 43 154 58 177 178 181 55 161 97 30 14 163 20 73 18 48 38 187 195 179 110 66 186 190 153 112 107 13 89 133 32 53 188 57 118 47 70 133 120 69 75 79 93 49 129 90 192 16 134 121 132 77 121 10 83 196 48 121 197 128 178 141 68 179 156 18 52 91 145 58 89 122 107 133 52 22 173 53 126 125 12 24 96 53 132 76 197 21 34 19 106 27 29 91 67 122 146 91 46 178 158 184 178 109 195 89 91 129 121 61 94 182 
16 18 142 126 108 95 117 166 159 116 41 114 184 111 111 77 195 169 200 119 99 102 102 81 109 16 158 189 27 90 78 83 53 157 69 48 114 163 99 95 129 183 193 173 199 180 60 180 195 106 191 92 67 156 72 126 84 82 103 152 127 148 45 145 97 134 48 178 138 191 117 113 46 34 96 184 143 160 61 178 51 47 97 46 15 118 153 135 19 15 116 199 11 163 135 185 67 112 145 188 184 100 65 156 129 113 98 189 37 190 192 151 14 128 84 99 181 73 83 113 27 142 113 33 29 88 158 100 103 36 143 193 80 27 186 61 20 183 43 162 71 189 127 168 199 74 101 168 164 192 63 62 171 169 19 101 98 160 36 126 105 146 36 60 51 48 137 50 187 34 128 95 123 192 163 24 116 22 100 141 161 80 105 52 192 74 97 48 80 98 84 194 134 132 83 96 107 117 149 128 127 22 29 14 47 92 167 62 25 90 193 27 53 179 52 120 178 79 80 153 144 44 165 76 43 
