30 15 15

44 11 42 9 37 13 43 6 10 24 9 25 25 20 24 9 21 38 31 37 9 24 25 9 41 23 15 8 45 42 31 48 43 47 10 22 32 30 27 40 20 32 7 27 32 33 12 24 26 21 37 32 23 30 8 23 9 30 19 13 16 42 23 8 35 11 33 6 40 48 20 25 35 49 29 18 44 23 16 44 25 11 49 43 42 48 35 31 25 44 41 40 44 40 15 37 26 50 33 13 27 32 12 8 25 35 31 24 5 47 45 5 7 29 8 44 39 50 17 24 14 15 24 36 38 16 28 7 34 20 38 46 24 22 25 15 43 17 29 11 47 19 7 14 22 33 16 48 46 34 29 7 6 37 32 14 31 27 13 35 45 28 50 35 36 32 20 16 13 45 10 17 23 33 6 23 49 41 25 26 27 43 22 29 21 41 13 49 41 39 36 16 38 14 18 44 5 35 32 34 44 49 28 23 39 22 47 25 14 17 17 48 29 11 33 28 36 43 34 29 46 10 36 20 44 
47 5 6 8 48 37 47 18 14 43 32 6 34 42 11 27 39 16 40 21 26 25 33 8 39 50 35 22 45 43 14 24 13 37 6 8 47 27 28 45 46 12 8 49 40 43 43 22 38 17 8 15 20 50 13 15 8 17 46 28 46 39 46 26 18 14 46 13 17 36 47 21 14 36 19 28 41 41 13 42 8 34 24 30 22 41 6 44 26 8 42 28 5 49 40 21 26 27 24 36 12 41 23 48 40 10 34 8 29 30 37 7 35 43 35 25 20 11 29 7 30 18 45 38 19 34 19 48 8 5 36 22 24 14 24 10 22 36 24 5 40 10 36 12 6 31 34 16 11 26 5 36 11 8 23 7 28 18 5 29 41 33 42 9 34 34 12 33 44 9 18 14 18 29 7 22 50 36 32 40 25 47 12 8 18 18 23 26 16 32 21 7 25 40 25 43 17 13 22 21 25 18 23 42 35 27 50 16 25 21 21 50 12 50 22 30 29 45 40 46 50 43 8 9 44 
8 48 34 49 9 14 27 39 42 28 14 41 46 32 47 6 35 21 36 48 38 19 10 40 44 7 22 8 6 37 24 47 34 26 32 43 14 45 47 50 7 6 10 48 31 25 26 24 16 10 26 35 7 43 9 35 40 46 42 19 40 39 41 14 21 27 46 16 11 21 43 49 49 40 43 17 37 45 23 46 18 44 30 12 20 28 8 39 36 33 29 30 47 18 43 16 49 47 21 38 37 40 22 47 37 23 46 42 10 49 9 6 12 11 7 21 20 28 44 38 9 24 40 47 7 33 12 8 23 13 41 12 16 50 28 8 10 37 46 22 36 46 7 9 15 31 19 50 16 6 27 20 46 13 50 16 47 38 43 20 32 28 44 47 8 47 44 14 32 18 37 14 45 34 50 23 15 10 24 16 43 6 36 33 32 5 14 10 47 11 24 7 50 14 50 26 17 43 12 43 9 31 19 40 30 23 44 43 48 5 8 50 35 34 33 14 9 46 24 17 39 49 35 49 17 
41 24 11 10 12 17 50 20 47 14 33 13 41 16 38 16 27 6 17 43 49 21 17 20 28 31 20 48 32 43 47 32 43 15 47 11 6 42 20 33 30 46 10 29 9 32 31 11 24 39 33 17 48 10 29 6 39 47 5 42 38 27 22 47 37 29 44 25 48 35 8 26 29 23 13 8 12 22 25 34 15 10 11 48 25 26 5 26 26 42 37 48 34 29 29 30 28 13 23 11 15 9 8 14 42 31 16 8 5 27 8 27 14 29 39 31 38 9 9 8 9 46 6 32 44 15 39 48 19 48 10 20 30 33 34 38 9 25 11 46 19 19 35 5 16 21 46 23 25 5 25 15 26 23 6 44 20 5 32 6 48 34 41 37 29 12 17 24 37 47 41 14 23 8 36 31 32 32 9 31 19 30 13 18 41 29 29 49 32 35 26 50 28 21 48 42 9 44 41 20 41 28 34 20 11 5 50 32 25 25 12 12 21 22 13 35 42 16 44 15 27 44 42 35 22 
22 50 50 40 39 12 41 27 37 42 32 29 40 45 17 15 46 43 13 50 16 43 35 47 48 38 23 34 6 25 37 44 33 49 31 11 22 33 17 41 31 28 29 26 47 29 16 44 26 17 8 41 44 42 19 22 9 41 20 34 45 7 29 17 21 5 8 22 34 13 14 14 30 6 12 36 44 28 21 14 25 5 42 41 39 10 48 12 20 24 38 24 14 27 18 28 35 37 5 10 19 7 34 47 34 15 26 22 34 27 5 15 29 45 48 47 38 33 20 23 36 15 45 49 19 21 40 35 21 31 24 28 6 16 11 35 18 29 39 50 46 6 23 20 38 14 13 24 39 29 26 26 36 6 23 42 11 22 5 20 25 19 13 20 48 6 36 42 27 29 37 49 11 48 32 12 43 37 38 5 36 12 19 26 18 22 14 21 41 27 16 26 12 29 26 9 5 16 29 48 14 25 20 20 9 41 5 12 39 31 8 28 30 6 37 45 49 19 10 48 6 17 23 19 43 
18 11 17 7 40 47 15 48 29 33 30 29 19 46 46 5 23 30 27 45 11 40 34 43 7 37 34 20 10 11 32 42 47 39 48 47 35 15 9 24 45 48 14 23 20 17 5 33 44 33 25 30 19 24 26 44 44 38 50 18 38 42 5 15 39 49 23 15 41 8 5 49 30 11 32 46 34 43 47 23 13 19 6 6 38 20 50 8 15 34 41 16 18 33 35 30 23 19 47 32 23 8 39 26 5 20 24 10 42 41 50 13 47 5 40 11 19 7 39 38 35 47 10 45 50 20 9 27 27 21 41 24 5 32 35 26 17 39 28 21 43 24 5 15 44 43 36 10 36 12 38 9 35 35 11 5 13 40 12 21 22 46 26 50 36 27 47 6 23 27 8 40 20 13 43 43 39 37 40 33 16 14 34 22 18 24 16 7 38 50 19 22 14 17 36 46 9 47 5 19 6 48 39 50 18 41 46 21 26 21 16 23 9 25 44 31 29 14 29 34 36 14 17 35 48 
49 17 45 6 22 44 32 27 17 14 29 12 50 15 30 44 32 24 40 32 44 20 43 8 47 29 13 49 49 15 6 16 30 45 32 33 15 42 16 42 40 46 34 5 28 35 16 32 6 35 24 48 32 49 15 47 32 39 42 42 36 8 30 23 26 48 10 21 33 42 47 28 24 21 18 22 45 18 7 11 23 35 49 10 32 46 13 40 23 20 41 42 42 19 32 21 35 34 18 37 39 14 36 38 48 8 48 42 16 38 33 48 48 47 37 19 44 18 18 11 36 5 45 23 5 18 15 17 35 23 41 26 26 12 44 49 29 18 43 47 50 12 6 14 25 7 49 35 50 17 23 35 9 49 12 44 16 22 13 5 19 6 39 10 24 41 6 15 18 25 15 16 27 33 41 20 25 34 33 26 27 33 20 11 11 41 49 33 30 46 39 25 24 10 30 42 31 39 18 20 14 40 8 47 31 47 38 45 47 10 26 46 36 41 17 48 25 31 40 27 50 27 49 18 43 
43 9 25 19 13 14 37 47 35 36 13 21 39 47 7 17 7 45 27 46 10 22 11 6 31 33 16 32 10 17 22 42 49 31 37 48 6 14 46 32 14 17 20 15 47 16 37 36 10 12 6 45 45 36 48 6 14 29 32 13 16 15 28 33 50 45 18 9 13 26 26 24 34 40 9 33 6 35 8 18 19 33 27 7 44 46 16 7 36 13 29 6 20 29 39 31 45 34 17 49 24 33 20 20 14 7 46 19 33 20 13 47 33 35 20 22 45 23 16 45 25 9 42 33 14 20 15 7 50 31 32 29 34 46 15 49 36 23 31 8 11 48 37 20 36 48 25 40 20 39 29 9 13 32 50 17 42 22 42 40 35 42 13 12 10 44 24 18 23 41 33 30 10 12 11 14 40 23 35 45 21 20 20 37 6 6 23 45 20 42 32 44 44 14 14 46 7 35 15 44 6 20 21 27 13 35 41 15 44 21 32 35 17 22 31 50 20 44 37 39 44 11 38 50 15 
35 7 14 20 26 25 36 18 12 13 39 22 9 26 36 42 43 17 27 16 40 50 30 15 24 6 33 23 8 39 26 47 14 39 35 11 33 29 26 19 31 32 8 9 34 14 37 12 38 6 31 11 45 10 9 45 9 12 27 7 50 37 36 44 39 5 49 50 28 42 25 5 36 15 33 23 24 6 39 15 28 9 38 29 16 14 16 37 43 45 38 43 12 10 37 11 41 13 11 46 19 27 30 34 7 17 7 7 31 40 24 32 15 20 17 30 19 13 16 27 12 35 35 32 39 42 46 45 39 25 28 35 41 8 46 31 32 17 43 19 49 48 6 17 47 26 31 33 10 43 24 14 35 29 36 38 48 8 31 40 31 27 5 13 30 50 31 9 15 41 15 33 11 42 39 19 44 44 26 35 15 19 48 32 19 7 46 11 15 24 7 41 6 21 39 49 12 32 12 34 32 41 11 43 18 20 45 10 30 48 21 39 47 9 34 38 7 14 47 7 22 40 15 49 38 
22 45 41 8 42 9 15 12 48 33 29 47 34 11 12 18 14 13 36 44 40 37 42 6 6 33 16 24 12 32 39 12 23 40 23 23 22 18 36 8 48 33 29 13 21 25 21 22 17 30 46 37 50 42 44 21 29 9 35 27 7 31 16 13 50 30 47 21 38 24 20 7 50 32 14 13 44 42 42 6 28 48 20 37 27 21 19 24 31 35 25 46 25 50 35 49 45 32 17 13 6 30 30 39 40 37 22 8 48 17 6 38 43 17 43 27 38 35 47 7 49 28 36 23 15 29 21 38 10 7 21 36 18 40 40 5 42 36 27 35 8 5 9 8 40 49 14 33 34 9 17 18 26 27 28 15 35 9 29 8 44 22 16 20 14 22 47 38 6 26 46 30 43 16 20 12 23 47 36 43 30 23 33 12 12 40 21 42 10 10 32 30 9 22 50 30 33 22 45 31 7 15 33 12 32 25 25 43 18 28 18 5 8 12 25 25 31 37 47 39 24 48 10 33 39 
47 12 29 29 8 47 9 27 35 32 6 42 15 18 40 49 6 10 33 15 31 31 29 39 43 29 47 11 13 17 32 38 21 32 29 50 16 29 39 40 47 7 38 44 15 32 5 43 29 29 31 6 7 48 11 16 46 19 27 8 32 24 7 19 36 37 27 37 31 8 47 11 20 39 42 15 43 41 39 20 19 33 40 35 37 20 12 47 41 41 18 47 45 27 14 47 32 14 34 46 42 14 31 30 12 14 20 18 50 5 31 50 42 46 44 13 17 27 11 7 45 47 30 12 28 30 22 32 7 38 25 7 37 28 19 29 36 36 32 45 46 21 12 12 12 14 29 25 49 17 40 35 48 25 26 15 27 22 21 47 34 28 5 38 30 15 21 44 7 17 18 22 47 26 32 50 19 6 37 32 23 5 25 30 25 35 29 15 14 30 42 42 48 33 39 33 17 23 19 5 47 18 42 35 32 7 9 12 19 18 34 45 16 43 31 24 40 27 23 22 42 31 19 35 33 
33 28 6 35 7 42 29 42 19 32 19 38 43 27 41 17 16 15 16 28 28 24 46 43 34 23 7 15 30 27 47 16 45 37 5 12 46 24 20 13 48 22 45 11 13 20 13 47 12 27 43 18 18 23 45 34 33 31 16 41 49 5 50 22 21 39 24 43 25 12 33 45 30 40 38 6 38 6 12 36 32 24 15 25 14 26 41 42 22 43 46 26 8 28 34 37 47 32 41 43 10 39 48 35 45 19 19 28 35 19 30 9 17 8 5 27 29 9 12 21 30 16 20 37 41 42 22 35 15 47 30 15 11 37 47 30 8 29 10 29 49 29 19 11 46 23 35 28 18 47 27 38 26 33 14 8 8 10 16 17 18 50 26 26 27 35 21 8 19 5 32 35 6 48 25 48 18 41 9 22 5 26 26 5 24 50 25 45 5 33 9 21 20 26 13 17 19 31 14 18 12 11 33 42 50 38 23 9 31 49 38 16 11 23 11 37 46 49 5 47 16 27 44 43 35 
50 36 45 39 38 47 16 24 30 7 7 11 38 23 18 11 5 46 16 13 20 5 15 19 15 14 16 5 11 7 50 8 20 40 7 46 46 12 30 37 18 46 12 9 34 41 15 47 32 8 30 10 50 32 25 11 29 36 19 46 39 47 40 7 7 36 11 46 16 14 37 48 11 26 17 13 28 26 9 28 9 23 13 45 16 5 23 5 20 42 8 48 17 46 48 39 10 22 34 35 30 24 10 33 13 43 48 14 11 14 28 46 17 6 37 34 42 40 14 44 31 40 38 8 29 50 37 10 9 32 49 19 28 18 36 8 14 47 18 19 45 34 30 21 36 34 12 5 18 7 28 20 49 8 27 5 35 41 12 28 8 45 49 16 37 13 12 12 37 11 31 43 34 26 13 39 9 23 29 31 48 37 17 46 35 48 10 12 41 46 12 12 44 8 32 15 8 9 37 6 14 36 39 8 29 27 45 32 22 39 31 21 42 33 32 15 29 21 9 43 47 39 25 29 26 
29 33 7 50 35 25 14 20 42 23 36 21 16 9 21 17 16 46 44 41 21 14 13 14 17 27 19 50 13 27 5 36 17 46 18 26 43 18 6 40 43 39 49 38 33 37 10 45 44 6 5 22 16 19 27 50 23 15 13 47 10 38 21 37 36 30 17 48 20 17 9 15 17 37 37 11 46 32 12 26 31 5 34 16 13 47 40 30 14 42 28 25 18 8 37 44 20 12 34 43 5 9 39 37 28 29 42 30 46 46 33 14 8 48 25 39 46 44 11 29 17 25 27 23 28 22 49 47 19 40 35 45 48 29 42 24 50 28 35 50 15 5 44 29 48 8 46 7 36 30 44 44 48 41 49 16 21 5 12 8 12 9 22 11 32 21 37 44 42 27 6 22 48 32 35 30 20 26 7 39 28 22 30 33 7 28 5 27 38 17 43 40 9 46 29 28 17 39 34 10 19 5 42 19 14 19 28 32 28 19 45 47 34 36 42 28 36 46 41 11 37 33 27 43 14 
38 31 47 6 33 26 49 48 27 46 15 26 46 30 25 37 40 10 6 46 22 16 20 42 24 23 28 22 34 21 5 18 31 16 11 43 43 10 26 25 44 5 44 17 20 50 44 20 21 16 23 33 26 23 48 14 6 49 25 6 42 7 10 41 48 25 7 42 36 44 25 37 50 7 8 23 30 34 38 24 12 47 31 26 16 36 22 36 42 26 24 36 44 33 36 31 10 22 22 43 46 31 35 19 36 30 25 44 11 35 22 40 9 41 11 22 33 44 7 12 48 5 12 15 13 38 39 38 30 18 42 14 44 47 37 25 16 32 29 34 30 20 17 33 49 35 13 28 31 7 19 11 50 25 6 32 24 33 24 17 44 14 32 14 12 22 43 40 48 15 50 26 18 32 45 17 19 6 30 38 11 8 16 37 30 20 50 34 21 32 16 6 43 41 14 28 7 36 11 13 19 32 26 13 9 35 29 34 26 35 40 19 35 15 46 32 13 12 24 16 28 7 16 22 19 
5 7 31 34 27 47 39 15 37 39 10 24 48 30 49 41 34 37 24 31 15 35 9 28 31 45 9 13 30 43 17 38 49 22 41 44 40 13 45 5 30 29 45 5 29 36 19 45 18 15 20 13 7 25 11 12 28 17 8 46 8 10 26 42 33 5 15 48 35 27 42 39 49 27 45 21 13 31 37 21 42 18 36 46 26 11 18 35 38 33 11 29 17 10 8 21 16 29 14 34 6 30 13 30 13 31 27 48 22 44 23 47 40 34 39 14 34 35 41 33 38 30 47 6 27 49 11 37 46 35 29 44 23 43 32 26 41 28 32 26 49 46 23 18 13 10 50 38 49 37 48 34 22 41 32 20 44 49 45 46 33 30 37 35 39 19 25 6 18 26 5 40 8 50 21 45 37 30 17 38 10 23 27 36 17 29 22 29 30 21 37 6 16 28 22 5 50 22 8 12 50 15 28 43 10 32 41 10 18 30 28 50 27 15 8 6 40 39 17 20 32 31 42 31 16 
50 29 27 26 16 48 19 6 27 19 25 46 28 9 50 7 41 37 23 46 45 9 32 46 50 23 12 37 27 37 47 42 7 43 42 7 34 14 11 44 43 37 16 24 34 36 35 28 38 27 30 34 30 47 38 8 49 16 22 50 27 17 33 17 19 30 50 28 47 36 48 34 43 30 7 46 50 13 12 5 8 18 15 27 25 38 17 34 32 30 30 25 33 6 15 25 40 12 37 21 43 17 44 24 23 27 40 25 11 20 11 24 50 47 12 36 11 14 48 48 5 20 17 37 9 24 16 16 23 25 33 9 27 27 6 32 31 12 6 35 30 13 33 18 47 43 11 12 33 10 44 34 12 35 12 6 39 19 17 6 49 6 18 23 28 15 42 21 24 49 14 24 14 16 34 5 26 41 23 39 41 17 27 28 5 49 5 44 20 36 31 19 28 19 18 38 24 5 29 12 28 42 38 36 28 24 20 32 47 21 41 30 32 29 18 25 46 38 50 36 50 50 44 48 38 
48 42 28 44 28 30 30 26 34 50 22 10 5 42 30 24 15 41 28 29 33 30 9 40 39 36 9 15 20 47 50 49 30 12 22 21 20 13 12 12 49 34 6 42 48 20 12 30 35 13 15 6 32 9 41 34 12 45 25 38 11 30 21 11 11 44 21 18 23 11 30 15 5 16 14 24 14 46 36 38 29 33 46 22 21 40 23 14 36 42 45 44 17 48 33 40 33 14 22 15 48 48 35 24 41 14 11 30 8 38 13 38 26 25 14 40 5 16 33 41 42 29 25 36 10 47 29 24 19 32 37 23 21 28 33 15 15 45 17 46 15 31 38 7 39 5 32 7 12 36 37 16 45 7 31 14 39 33 28 41 13 40 45 18 24 8 40 46 28 26 6 8 46 20 6 35 5 13 11 27 20 12 36 24 6 35 30 15 9 9 21 46 18 34 40 30 50 14 20 35 9 28 10 37 49 50 33 42 39 11 33 24 9 6 29 5 26 16 31 15 43 11 20 33 6 
11 41 43 13 21 21 31 10 42 27 21 9 25 23 10 9 18 12 33 27 12 8 35 10 11 38 31 16 10 37 7 18 12 32 20 15 24 29 42 8 37 48 26 23 8 36 25 50 19 38 16 25 49 50 46 19 25 10 11 31 14 48 22 37 19 23 12 15 16 41 39 24 36 21 31 28 34 8 10 48 36 41 43 47 34 36 13 43 13 50 40 50 7 22 26 8 17 35 40 7 16 30 31 15 42 8 50 44 47 5 38 22 13 12 24 27 42 14 15 47 21 49 50 47 17 7 44 26 23 6 13 9 18 33 6 43 41 11 34 10 41 9 37 43 41 45 49 43 12 14 38 50 42 49 5 42 45 9 50 32 6 17 42 47 49 39 5 29 27 24 14 5 35 26 42 43 42 34 44 31 31 17 37 49 14 15 39 19 13 17 50 23 28 33 7 26 13 17 36 8 50 12 25 9 24 18 49 27 45 24 9 44 11 8 23 30 22 9 17 41 50 37 11 6 49 
19 8 36 37 39 8 34 43 35 36 12 22 46 40 43 6 50 47 36 40 6 50 41 25 10 10 11 33 5 14 9 39 42 32 28 30 37 22 47 35 8 36 22 33 46 19 40 7 13 13 25 12 39 33 34 15 39 8 21 32 34 28 48 31 13 26 41 33 8 50 11 22 15 34 17 5 31 9 40 10 25 38 9 8 27 33 26 8 8 47 25 26 27 15 47 35 48 14 7 8 17 16 34 43 47 25 44 30 22 23 11 50 28 19 25 7 27 27 11 24 6 16 10 13 46 6 38 16 39 31 49 20 11 35 43 7 6 26 37 11 39 41 18 34 16 9 12 10 6 25 11 30 38 11 17 8 32 36 14 31 43 32 13 49 38 26 31 22 44 5 39 17 49 49 25 29 36 26 30 47 47 7 32 21 15 49 25 48 18 39 38 7 44 22 9 14 29 36 27 17 24 6 45 33 46 33 18 11 34 46 10 34 23 46 41 7 14 35 12 30 23 38 34 7 35 
6 35 37 39 32 26 20 21 48 38 29 29 27 38 22 41 33 22 45 5 13 25 14 11 21 15 7 13 33 23 14 38 30 28 19 26 10 15 7 9 42 29 42 16 10 24 38 24 35 25 50 17 21 29 13 7 24 46 8 11 42 35 30 37 26 9 38 11 50 36 24 34 37 19 23 27 50 6 44 31 12 43 30 13 39 46 29 14 6 27 20 30 31 22 46 12 19 23 42 34 26 5 33 47 9 40 23 38 36 5 14 25 18 18 7 16 8 41 35 30 14 16 44 27 15 35 37 10 6 26 42 18 46 45 36 43 13 12 44 7 30 22 43 23 10 28 11 32 19 19 16 17 10 17 24 38 36 46 18 16 40 18 26 42 37 14 27 14 37 12 22 17 22 41 26 6 5 31 23 46 36 17 49 16 49 15 13 39 6 23 48 18 31 46 33 8 17 26 12 19 8 37 48 35 41 40 48 10 14 23 32 49 39 23 7 44 12 21 46 6 24 48 43 13 17 
40 5 35 10 16 42 46 43 38 48 32 12 49 47 16 47 27 10 42 11 23 18 22 44 46 29 50 43 28 39 33 30 9 6 42 35 43 42 6 50 46 46 27 30 6 29 13 22 35 11 11 24 32 11 12 49 33 48 20 33 33 26 46 44 49 45 5 13 13 16 12 35 24 47 39 30 39 37 20 30 30 25 5 40 27 5 9 24 6 47 37 47 42 19 46 29 16 35 35 25 27 28 11 46 32 50 14 42 39 21 36 42 43 12 12 30 19 20 48 25 26 49 43 11 23 8 47 39 40 18 14 44 10 33 39 48 24 8 30 23 50 34 49 40 46 35 34 44 26 35 9 16 25 41 30 13 46 33 6 27 20 26 47 49 12 25 39 6 33 21 8 17 50 7 10 46 36 20 28 25 39 6 42 38 21 9 23 16 47 49 49 35 48 47 27 36 27 28 44 13 45 37 39 14 5 43 22 32 33 29 26 28 11 7 36 9 38 30 50 15 14 19 44 49 22 
11 49 23 6 37 11 32 45 46 37 6 26 15 36 26 13 15 29 32 39 37 25 27 43 22 26 44 22 17 28 28 41 16 28 34 31 34 27 38 36 12 11 22 18 8 42 49 37 30 32 28 25 39 26 39 46 14 39 14 20 16 21 39 36 6 5 45 45 8 32 10 24 7 31 36 46 34 40 37 11 33 48 34 32 21 29 42 22 34 36 16 26 8 11 49 39 21 33 29 24 10 34 25 6 8 9 5 47 33 49 27 31 7 38 48 6 29 28 13 22 30 24 17 31 14 21 45 19 12 6 35 46 29 19 22 16 44 5 32 48 20 5 48 15 11 10 31 29 17 8 43 39 25 45 22 6 37 29 13 34 29 41 43 28 12 24 22 15 9 50 43 26 49 30 47 32 43 40 30 37 23 25 24 35 22 11 14 26 30 12 39 47 12 5 45 31 15 26 35 46 45 23 36 7 23 15 30 20 28 11 5 41 27 25 48 5 6 27 50 17 46 33 46 30 18 
11 50 39 36 37 26 29 10 35 32 15 28 20 36 25 14 48 13 44 16 23 30 12 12 45 45 12 17 40 41 49 45 28 44 47 45 11 38 9 44 14 48 17 14 25 7 12 50 11 24 10 48 48 20 9 47 49 31 10 39 19 26 21 21 11 15 16 47 21 14 5 45 7 40 23 17 31 38 33 23 15 35 36 30 38 13 18 45 37 39 30 15 37 21 31 21 16 39 5 40 8 41 44 16 12 40 17 21 39 32 37 21 30 50 41 14 43 49 17 49 32 21 6 17 14 25 21 42 19 13 23 10 38 28 49 11 36 12 47 34 48 34 26 20 35 11 35 13 30 38 12 9 31 23 15 48 41 14 10 10 30 42 29 8 26 19 41 30 27 9 5 16 37 15 13 35 15 8 45 30 13 6 12 40 39 18 21 29 5 14 17 41 33 34 15 20 21 34 41 25 36 42 10 48 34 20 44 50 24 28 12 33 17 42 35 40 47 8 22 9 44 26 6 11 14 
26 12 10 43 20 24 27 44 46 19 33 35 29 17 13 32 29 5 22 13 17 7 35 16 15 12 10 45 5 28 25 38 6 13 9 29 29 18 18 46 45 25 10 22 8 30 16 28 33 16 7 14 20 10 22 7 49 22 10 16 13 14 5 7 11 49 25 10 50 40 27 20 30 23 32 13 45 42 8 24 19 33 12 37 36 49 47 6 43 8 17 49 13 50 25 48 22 28 22 11 31 48 25 46 34 10 10 31 37 18 36 44 44 48 19 5 49 29 18 8 18 19 6 46 18 40 11 28 27 31 27 34 14 11 47 16 48 44 41 30 33 13 35 48 47 18 13 48 49 17 22 23 32 10 24 46 44 15 31 21 44 7 34 29 14 10 43 19 41 22 15 37 33 45 50 17 20 6 13 15 5 29 31 28 35 7 33 36 50 27 7 32 22 21 36 40 22 5 8 24 42 14 28 12 39 20 24 17 11 19 15 29 8 17 22 18 8 28 15 22 33 5 19 23 34 
49 48 17 38 26 21 43 12 36 17 37 9 50 11 16 10 41 14 12 17 21 46 28 44 8 13 43 30 8 16 24 34 22 16 17 10 28 49 28 47 8 6 26 6 44 32 39 5 29 32 44 5 5 17 22 30 38 49 47 45 40 18 36 47 42 40 48 50 47 8 17 30 9 50 13 47 29 30 13 10 34 14 26 30 9 21 32 32 30 41 33 10 21 5 33 7 11 18 11 26 26 22 43 11 6 25 29 11 8 41 21 5 39 41 22 20 19 37 30 44 24 17 6 9 28 21 12 30 31 19 11 31 49 10 40 35 36 32 5 11 32 48 31 19 34 35 23 45 13 24 17 49 24 50 48 28 29 23 33 50 40 28 28 46 29 6 7 46 33 24 8 10 15 16 22 43 8 22 8 39 27 38 41 38 5 36 46 14 48 49 40 14 7 39 12 8 12 45 29 45 8 8 38 28 50 32 46 5 41 5 15 22 50 47 45 35 13 14 22 40 29 35 8 12 28 
24 12 8 47 21 18 28 15 8 24 32 13 43 20 24 40 49 45 34 36 26 47 28 22 46 22 6 41 11 38 29 30 16 14 5 43 37 18 44 28 50 20 17 28 18 46 47 13 44 45 41 11 38 16 33 38 44 50 38 23 49 24 39 24 12 16 35 49 26 6 33 7 12 33 50 14 37 36 42 20 26 8 11 38 27 6 24 19 9 20 39 24 18 19 16 10 22 9 13 42 29 13 19 46 46 25 43 49 48 37 16 26 26 13 46 46 6 18 31 23 21 26 23 44 42 28 28 13 11 14 16 14 18 26 42 43 32 21 10 37 35 47 50 26 44 45 44 40 14 16 44 16 13 47 33 46 47 15 16 31 28 42 45 11 48 42 34 42 46 7 8 36 39 17 6 6 18 45 14 22 50 32 23 16 10 42 50 42 21 39 19 43 36 32 27 45 38 28 33 47 15 46 19 37 41 13 13 7 25 42 13 43 15 5 7 46 47 8 32 30 19 45 36 31 26 
50 36 6 11 32 17 18 7 18 13 20 36 36 34 31 33 38 35 34 12 20 31 28 29 8 43 21 14 16 25 38 31 9 11 12 13 29 30 26 49 13 6 42 40 10 43 41 50 20 46 9 10 31 35 47 28 41 32 42 43 26 43 50 30 6 38 46 12 33 17 47 37 9 20 30 18 45 46 34 30 38 27 20 38 32 11 33 8 11 47 7 23 36 32 48 29 31 7 46 40 47 7 42 19 46 30 17 15 26 12 42 7 47 39 10 26 10 5 39 41 50 11 36 7 38 49 19 44 47 36 11 39 31 47 46 29 8 8 28 36 26 40 38 31 20 32 9 47 46 36 15 30 47 21 13 45 11 20 31 39 34 21 6 10 37 45 40 35 44 37 12 10 40 48 30 28 6 47 16 46 44 43 8 7 33 32 5 13 10 16 27 18 16 50 33 15 9 25 12 12 13 32 9 45 45 19 28 32 19 24 22 27 26 9 27 39 50 42 22 41 27 7 24 34 22 
25 8 17 5 38 12 32 47 44 17 9 12 39 49 43 6 43 9 40 32 14 15 44 10 22 28 23 10 31 44 38 35 9 20 40 38 45 32 33 38 33 8 40 18 6 40 19 26 49 42 12 13 42 45 48 36 49 10 38 14 11 5 7 26 21 14 9 22 15 33 22 17 31 40 21 36 7 48 9 21 46 45 9 13 23 40 19 8 14 31 48 46 43 32 14 16 12 44 8 20 6 17 31 35 22 34 26 44 29 25 19 46 36 9 19 46 47 22 40 46 7 27 43 8 29 36 26 9 19 40 27 45 28 20 19 38 9 14 31 21 26 42 6 5 8 27 17 33 31 20 43 22 31 5 49 46 40 27 37 18 27 41 11 25 11 42 13 12 23 20 31 6 18 31 35 9 13 37 16 23 20 22 9 29 49 26 36 38 17 12 43 32 11 11 43 36 24 28 27 50 34 48 34 34 36 28 42 37 39 23 47 15 25 5 10 38 41 39 35 14 39 39 35 27 7 
32 36 6 41 41 47 42 28 30 10 31 27 15 19 15 42 13 41 8 20 37 5 25 31 30 39 10 10 16 33 37 27 9 46 20 20 14 10 13 26 45 22 31 12 5 9 9 18 17 17 46 48 22 48 22 43 13 38 45 22 50 21 36 42 11 34 36 19 8 9 26 27 19 21 17 11 48 18 15 22 42 28 8 9 22 43 27 43 40 25 24 44 48 41 27 30 39 39 29 11 43 33 33 13 34 10 31 24 39 37 10 5 24 42 11 17 42 11 15 17 45 31 45 35 50 14 16 7 9 40 42 23 13 21 35 33 44 13 10 17 28 37 34 7 5 11 24 49 46 15 9 29 13 28 32 40 37 5 14 36 38 30 11 13 49 30 34 8 7 27 23 39 36 38 37 42 30 18 28 8 35 43 41 44 10 10 33 42 20 50 16 35 39 34 49 13 14 23 45 19 10 31 9 22 32 11 19 38 34 5 16 49 39 22 33 10 6 19 37 43 44 21 14 34 25 

39 35 157 195 173 64 141 28 110 110 99 87 125 10 106 55 49 37 114 160 171 43 18 109 67 114 36 30 101 189 197 18 148 124 111 138 132 12 31 11 63 81 89 63 181 28 137 130 81 147 87 76 32 10 58 168 82 98 14 78 33 64 90 102 37 36 72 45 196 87 38 102 17 166 14 50 60 126 30 156 172 58 100 176 114 173 200 104 192 18 181 110 144 177 156 182 85 176 52 58 85 108 157 105 45 11 26 116 149 138 151 89 196 150 128 198 181 181 12 29 68 81 83 56 58 164 72 147 168 179 154 137 79 163 155 60 12 89 32 11 40 45 23 59 26 94 120 160 175 179 195 46 74 185 71 175 106 123 37 93 126 80 119 60 42 162 199 107 84 26 42 82 142 77 161 182 127 164 127 122 27 187 16 173 171 37 51 11 100 103 180 168 28 72 37 51 75 46 10 51 58 119 70 178 140 100 145 45 76 175 176 158 25 114 197 123 104 16 102 62 119 67 34 50 41 
74 179 21 24 149 89 52 157 25 31 108 157 161 14 64 178 68 76 193 180 100 135 92 145 78 193 18 19 188 59 118 70 173 189 176 162 40 88 70 123 77 63 69 157 124 181 172 30 180 173 22 63 29 193 114 37 195 140 177 140 52 115 78 185 90 69 50 32 86 108 174 149 117 156 67 88 156 86 26 20 139 129 112 153 128 138 121 164 96 161 69 45 46 156 187 104 47 180 183 68 198 46 171 63 125 136 46 14 182 197 178 104 15 101 141 184 49 142 27 96 68 128 170 142 39 183 95 178 176 71 139 36 190 48 123 130 99 110 11 140 47 24 13 174 79 69 80 13 127 103 134 149 161 61 92 13 112 178 38 172 73 165 161 124 84 96 139 152 51 60 157 178 75 193 140 38 181 119 89 150 85 142 80 103 14 61 75 19 102 21 160 23 109 189 61 59 45 149 179 132 123 80 135 155 89 42 99 166 192 180 150 155 141 28 87 140 66 109 151 35 78 172 67 147 150 
18 138 30 199 138 24 141 156 105 95 43 75 102 52 62 135 67 72 56 80 62 62 81 200 25 133 117 151 68 188 95 61 27 160 147 132 47 24 148 83 32 108 71 135 65 123 173 192 200 138 118 137 155 46 180 64 163 114 26 14 29 53 86 124 126 128 174 138 183 171 199 121 80 45 136 83 81 56 171 91 181 55 198 54 53 83 109 175 94 124 106 63 143 129 87 151 73 56 172 143 118 20 146 39 110 112 105 185 86 76 95 179 123 41 51 10 113 45 97 135 168 39 195 56 155 12 140 51 34 190 64 40 132 39 179 46 197 20 51 166 59 137 41 143 56 126 48 185 178 150 174 53 22 84 190 72 46 43 25 166 101 119 153 64 109 81 82 199 17 38 146 72 50 42 121 50 70 180 164 173 166 170 165 47 45 52 13 121 175 132 73 29 186 116 167 85 165 97 151 132 17 191 149 150 19 162 140 170 199 155 61 172 109 150 183 146 42 18 159 173 111 85 182 105 28 
17 10 12 158 173 132 120 44 85 73 134 168 114 96 102 23 48 181 58 180 195 95 144 144 110 33 178 52 116 147 38 191 97 87 98 63 176 17 192 125 131 107 30 42 134 71 119 87 114 92 198 161 55 164 114 200 77 161 108 56 21 176 73 73 63 33 91 124 136 67 181 108 19 97 105 161 161 30 199 42 124 30 15 92 158 163 48 37 68 44 147 193 33 122 106 109 41 61 57 181 37 148 95 35 58 187 17 11 79 47 190 142 153 25 120 61 65 46 164 163 110 139 145 114 20 12 17 43 175 62 22 74 30 98 148 157 132 108 155 160 130 73 120 103 133 96 89 80 119 10 176 197 26 12 89 173 144 20 99 171 127 105 107 159 161 51 10 124 148 70 86 142 198 123 43 25 31 25 124 24 42 105 191 64 31 178 98 131 77 179 199 101 177 149 63 30 66 78 168 69 63 82 176 169 87 45 164 82 114 150 166 17 59 115 163 80 168 24 158 135 22 110 66 37 175 
193 13 144 181 149 100 85 16 55 29 88 84 152 105 194 89 61 200 98 128 34 24 54 95 191 46 46 26 165 76 150 89 183 17 200 112 112 152 183 168 167 65 76 154 94 71 21 104 139 85 57 170 86 31 133 68 40 23 166 128 62 82 52 51 24 154 68 77 188 152 95 22 165 35 31 27 95 157 125 48 85 129 112 60 113 17 48 25 142 72 70 188 154 174 63 29 132 196 188 13 189 190 105 102 129 51 148 72 46 137 94 19 39 12 122 31 153 183 155 175 98 151 64 51 45 153 195 18 73 18 128 18 153 154 65 157 130 199 137 58 178 110 159 195 99 150 61 54 162 29 84 36 21 85 27 179 199 189 108 62 161 28 142 162 143 142 44 183 49 164 188 175 129 111 113 91 186 164 47 62 140 162 192 157 196 52 17 82 185 179 164 132 11 122 34 32 21 130 32 148 200 16 33 85 88 42 104 115 157 73 44 111 101 153 25 185 188 30 27 167 67 38 145 102 76 
173 11 161 175 104 174 85 55 39 36 80 177 25 127 64 32 177 51 58 176 107 93 53 93 36 70 67 103 89 60 134 151 32 86 151 28 85 154 86 97 155 145 36 114 165 21 20 162 186 161 104 130 182 81 62 184 61 10 125 70 23 28 118 98 34 65 62 163 101 90 155 37 141 30 94 183 161 33 41 111 196 32 38 17 84 138 175 119 60 70 40 133 150 175 158 34 177 56 174 123 82 171 130 91 116 100 81 79 55 99 36 76 150 144 42 123 116 112 33 138 158 84 20 106 10 171 104 101 97 187 95 131 173 183 17 48 143 66 65 96 162 25 128 122 45 26 151 156 198 146 132 146 64 148 20 130 181 199 181 101 135 88 126 26 167 41 114 73 166 193 178 59 131 198 173 14 142 52 106 131 132 155 13 35 95 32 40 17 198 58 143 25 37 73 134 98 197 160 38 147 173 59 68 87 45 157 145 188 10 23 148 12 200 133 96 136 197 30 10 80 78 158 70 144 184 
174 109 77 172 35 128 38 28 127 97 23 70 27 41 114 94 74 135 156 101 184 200 54 99 27 11 199 33 194 185 38 132 64 43 141 130 108 95 37 50 190 79 200 64 95 129 199 120 96 154 27 50 192 132 163 98 90 52 135 129 76 98 18 178 177 179 90 131 78 148 164 199 133 195 172 53 59 157 168 62 197 148 33 51 144 89 64 131 17 164 137 62 181 136 137 114 95 170 93 161 67 198 98 179 145 161 37 191 150 78 66 172 109 17 128 130 151 141 58 134 122 178 148 47 162 115 13 41 107 130 183 52 162 67 16 54 64 10 192 171 11 139 16 108 171 96 127 109 19 118 60 47 31 124 73 77 45 52 130 122 118 53 131 34 112 60 51 22 116 50 15 24 153 112 198 109 20 61 168 194 160 114 43 164 20 183 115 65 93 84 82 165 81 79 69 54 85 168 74 137 145 108 84 147 20 194 98 122 173 118 100 25 65 165 23 170 52 124 64 41 26 104 17 171 68 
75 20 139 11 199 163 42 36 146 68 94 141 14 34 72 193 97 41 64 43 97 40 179 79 160 117 124 91 85 31 136 175 35 135 75 151 109 125 104 43 164 14 52 95 28 15 139 108 30 76 184 177 147 96 69 139 119 109 40 146 65 139 140 29 123 109 110 50 53 127 199 166 193 101 192 168 83 91 77 31 187 25 161 97 193 97 177 110 158 142 146 119 121 14 66 114 124 162 175 184 146 50 99 130 60 126 118 13 200 127 86 153 182 44 44 183 125 97 23 126 110 104 85 43 102 187 20 144 177 147 100 139 35 155 145 140 128 65 118 61 93 193 104 94 148 184 112 54 21 115 129 150 123 160 132 54 25 193 120 26 189 153 63 28 65 98 182 180 158 149 29 114 169 46 154 48 185 176 187 108 57 187 131 135 33 51 34 135 125 138 159 70 142 70 80 149 36 180 185 110 67 164 86 93 22 192 124 59 27 75 110 128 186 130 135 27 63 45 92 142 26 98 105 41 79 
35 68 105 97 155 150 46 157 159 180 97 71 175 30 27 76 125 178 65 97 83 52 109 198 107 72 118 72 67 31 67 125 170 82 170 82 139 77 56 43 87 78 81 26 86 101 78 200 136 22 15 196 59 43 38 22 186 139 61 115 68 168 20 143 26 57 15 94 51 179 67 92 115 197 46 135 44 192 101 94 71 50 147 25 105 11 144 20 66 140 166 33 107 54 100 97 196 22 189 66 115 175 141 136 106 191 98 180 163 94 140 128 133 145 67 33 97 181 134 36 129 103 76 10 91 93 195 141 25 75 83 176 70 176 37 27 125 45 103 191 184 106 18 64 102 117 25 161 59 76 180 56 95 134 174 171 109 190 97 30 187 116 147 157 24 65 109 97 14 186 62 165 48 111 132 70 195 13 114 141 136 169 139 42 56 89 21 95 156 131 111 62 23 71 171 24 179 173 126 50 96 71 148 74 150 96 22 99 126 13 186 101 55 155 94 17 98 117 106 68 119 96 75 44 158 
104 132 71 16 48 26 180 144 50 156 77 139 154 131 75 104 17 170 104 156 35 146 176 174 132 65 174 45 75 173 47 162 11 71 169 26 199 143 26 166 122 50 195 143 106 86 197 173 66 74 198 93 194 154 198 121 189 55 68 133 141 45 152 151 128 155 118 128 130 183 85 128 142 194 195 133 19 66 97 163 163 124 174 115 125 154 88 150 91 49 115 190 160 94 79 17 56 97 81 183 51 52 179 23 153 105 84 144 41 162 192 149 198 38 15 144 27 126 182 12 13 72 72 22 85 187 156 191 100 156 168 66 168 102 110 168 96 63 148 36 50 85 135 43 105 127 85 35 157 164 162 72 41 99 182 172 175 76 139 45 84 112 71 122 74 194 198 99 97 140 152 169 198 51 79 184 103 175 191 193 56 146 135 122 132 143 72 119 105 40 194 199 76 153 164 188 134 109 181 173 98 57 61 135 27 187 15 57 92 53 17 16 195 120 45 160 54 171 152 162 192 188 79 135 66 
29 152 186 28 151 132 149 72 199 140 118 112 171 184 137 129 161 33 121 18 168 71 89 33 174 54 156 11 17 133 97 151 160 68 70 34 198 82 54 80 78 22 129 181 59 21 26 120 199 194 102 169 75 173 143 62 24 51 146 48 37 172 31 191 142 124 22 138 134 17 124 20 149 137 115 91 174 35 73 14 133 49 110 109 183 61 47 122 198 65 31 141 27 43 136 135 120 86 117 66 175 197 159 162 184 177 44 111 164 21 41 114 26 169 19 68 80 155 18 90 158 21 109 167 13 136 176 135 105 117 70 104 57 33 102 45 144 53 172 134 162 167 80 168 18 91 23 187 183 57 60 69 31 117 85 30 144 139 39 93 27 11 48 148 42 160 176 57 88 57 65 41 38 68 82 191 31 57 200 36 195 30 28 62 88 129 179 156 94 122 164 187 122 120 36 188 110 110 130 127 181 143 99 94 83 21 74 118 141 27 58 149 190 24 139 69 19 192 154 120 52 173 27 149 132 
52 130 21 200 66 106 125 90 20 179 23 176 119 143 138 129 35 86 118 48 56 166 191 179 164 45 126 130 136 92 156 179 187 129 89 46 86 120 194 108 139 129 83 88 91 186 18 131 153 79 51 66 32 150 181 199 107 172 185 97 85 72 165 56 190 179 95 92 138 40 119 96 187 65 183 125 100 44 68 45 131 122 197 31 172 38 135 177 90 125 106 137 170 50 140 139 57 66 32 182 153 63 24 146 175 31 101 14 11 184 196 198 46 37 134 99 15 200 168 152 43 195 114 182 81 138 14 50 120 159 121 172 70 126 171 102 93 62 45 167 89 16 14 193 156 162 104 157 79 36 169 46 47 142 59 58 73 70 141 32 133 94 78 91 120 38 52 35 115 60 101 43 86 36 122 42 107 142 50 13 161 27 41 162 115 188 160 23 194 154 111 197 192 66 118 175 175 165 43 68 109 95 168 169 186 186 143 15 167 195 48 30 72 146 18 77 141 37 199 125 88 55 76 28 28 
115 60 131 105 146 168 82 99 83 143 152 75 81 196 10 187 197 89 135 115 152 144 29 111 48 168 85 148 113 188 59 185 182 182 104 47 82 48 49 83 155 30 40 10 32 176 91 98 135 107 17 157 162 176 15 83 59 57 145 169 150 162 57 30 154 55 141 13 176 181 98 200 125 179 179 129 115 93 109 103 153 136 101 73 177 119 132 62 77 51 27 153 163 89 132 136 146 120 80 12 121 181 53 55 145 85 197 176 114 138 138 43 196 190 32 109 164 138 136 87 191 171 87 180 142 131 176 45 189 199 93 61 137 186 136 109 124 154 186 71 185 23 139 58 61 20 104 181 106 30 106 156 182 106 73 18 87 94 106 85 14 67 118 87 21 190 189 182 177 130 145 84 133 45 14 173 16 171 156 68 135 128 171 89 132 119 146 184 61 91 187 192 135 193 192 99 37 156 119 45 99 179 79 183 41 91 176 55 168 47 140 21 119 124 90 111 149 74 90 99 155 63 24 87 77 
159 23 178 178 114 177 114 15 159 18 170 11 56 115 42 59 129 108 144 63 19 56 59 48 181 74 30 146 108 136 103 142 178 119 138 138 175 108 53 12 151 180 145 113 30 115 122 99 30 138 144 155 169 198 147 77 97 80 83 27 119 109 134 80 183 154 11 158 168 118 176 43 145 108 109 50 154 123 144 64 80 129 176 175 191 44 103 19 84 24 44 32 33 53 156 102 105 51 58 69 40 71 151 95 60 149 109 77 132 65 186 77 193 152 29 181 122 70 160 149 70 67 140 95 200 77 153 134 77 198 169 101 136 13 133 68 26 196 134 172 75 19 25 160 88 158 104 115 150 16 72 168 131 132 16 99 165 181 138 78 98 23 152 189 94 46 18 64 199 146 100 105 186 11 66 31 195 29 73 170 84 23 89 177 136 118 123 121 89 89 72 39 129 92 192 79 190 41 50 13 125 134 22 84 23 17 21 181 67 62 70 84 153 167 146 81 114 68 83 170 115 55 119 113 134 
53 142 118 139 154 32 94 17 141 77 48 109 88 164 107 64 78 156 129 126 101 134 138 45 132 87 103 131 190 27 49 101 173 16 115 51 160 68 41 155 139 152 42 87 56 175 162 173 185 30 198 171 95 49 138 38 145 81 63 154 55 168 94 141 55 77 83 152 18 154 20 35 175 98 58 123 196 124 67 68 20 39 45 102 91 183 106 179 194 176 165 184 76 114 95 71 17 14 153 177 126 66 77 39 33 75 65 58 143 52 116 65 58 84 185 155 198 96 88 143 186 94 128 172 192 26 177 90 46 158 168 193 61 102 21 48 116 68 175 11 119 187 40 45 112 75 147 155 100 70 114 45 64 190 33 112 92 61 70 107 124 65 15 34 69 117 167 65 164 162 113 55 191 196 123 34 82 68 38 99 42 117 121 104 131 86 183 88 53 162 92 177 97 90 35 16 132 60 81 179 153 121 58 56 179 20 29 162 102 137 86 79 88 198 156 117 117 136 130 43 11 166 136 146 42 
107 178 71 30 89 90 46 119 125 164 88 46 57 155 14 28 77 95 102 15 158 194 134 190 185 187 125 195 87 187 64 129 20 64 21 137 37 23 116 179 27 97 66 180 90 20 140 110 113 183 106 164 28 110 182 94 101 37 126 69 19 193 39 79 122 111 80 97 30 83 149 147 177 143 116 43 40 143 136 63 129 196 200 128 180 74 45 55 136 153 92 168 158 121 24 142 149 140 156 160 40 105 166 14 59 78 135 78 25 130 41 100 31 21 89 24 29 101 161 50 114 146 67 21 71 107 182 93 156 45 29 127 44 130 137 172 44 151 64 175 42 160 172 131 115 119 98 60 144 108 13 26 167 136 12 173 151 22 105 85 172 144 183 150 15 118 18 72 45 80 46 116 122 37 78 134 20 81 138 124 14 163 20 37 143 129 53 164 84 70 48 106 91 145 16 174 16 62 47 77 108 67 199 196 22 110 69 23 30 174 36 174 35 196 93 107 182 195 92 129 20 121 39 162 92 
91 10 25 70 99 52 178 146 44 148 80 81 146 17 47 143 88 151 43 94 153 55 183 136 161 91 144 35 71 122 54 75 148 105 70 133 162 104 176 28 114 58 126 139 115 15 16 61 52 27 153 97 171 161 115 45 187 184 146 99 193 154 58 120 192 91 55 97 129 167 137 199 163 87 98 62 45 168 193 56 94 192 145 58 49 151 108 46 132 14 106 53 19 21 159 13 146 168 104 150 191 57 33 111 100 51 189 17 102 90 183 29 111 14 135 110 72 77 136 78 167 10 194 198 173 112 186 111 140 148 61 20 24 41 53 116 25 165 57 133 127 62 39 118 163 16 74 86 85 146 125 31 59 145 182 66 114 53 165 23 178 195 151 79 66 172 166 78 136 86 180 46 93 161 79 51 146 186 125 58 57 31 141 44 200 164 162 94 77 38 32 109 47 33 170 22 172 85 59 131 91 98 166 114 26 58 163 116 170 37 159 125 31 123 155 200 157 74 133 41 76 91 57 143 136 
193 40 160 76 49 152 10 74 82 22 80 90 87 197 36 60 59 147 24 18 137 130 137 98 113 160 50 125 68 191 139 144 11 120 35 33 111 34 72 64 42 169 140 101 146 139 150 52 32 13 118 35 40 137 16 123 95 50 98 147 21 95 194 134 86 25 171 93 114 11 132 93 102 58 48 40 74 53 156 125 141 171 177 155 148 64 51 22 136 161 119 24 19 38 160 21 182 187 94 191 154 98 42 141 68 168 51 121 80 130 96 195 194 31 44 145 142 88 73 53 199 76 40 38 132 110 37 94 80 49 90 10 99 37 106 176 22 37 166 19 29 62 73 140 24 126 142 85 76 68 113 66 138 43 27 137 106 10 90 97 11 122 199 70 128 117 77 46 173 32 14 187 61 112 29 174 192 154 171 174 83 97 185 34 116 163 111 194 131 95 167 60 190 24 65 14 98 70 62 199 185 46 31 32 181 57 135 179 103 158 88 175 148 45 170 127 26 135 31 61 16 86 86 61 63 
13 29 87 131 72 38 92 131 72 168 182 111 73 53 145 79 54 179 145 82 182 49 174 86 110 38 92 199 174 154 43 129 159 112 178 132 65 111 82 84 90 134 154 11 191 26 48 89 162 116 176 25 155 87 12 124 155 121 15 61 132 108 179 101 66 118 144 121 157 58 22 48 62 87 39 59 114 85 32 58 14 84 119 122 100 131 76 41 65 175 108 25 73 196 159 72 126 109 152 47 127 131 72 145 90 185 154 109 180 62 148 32 14 64 142 54 174 68 29 118 68 112 168 180 66 102 183 134 68 111 121 189 172 31 34 196 26 53 69 94 142 161 106 188 164 200 190 98 22 75 136 15 108 58 78 64 110 148 195 13 30 35 117 51 170 149 185 108 35 194 68 151 79 91 65 25 190 72 126 27 197 63 79 27 52 74 182 154 22 69 29 58 185 55 17 132 62 125 199 166 111 197 172 111 79 69 94 128 136 146 126 24 136 182 55 26 66 82 118 183 46 49 99 185 140 
59 92 46 68 199 68 16 134 61 122 180 30 187 16 77 193 66 89 59 139 20 151 152 24 162 102 174 89 150 32 20 13 163 124 73 73 44 165 89 41 110 84 48 29 61 156 120 188 122 135 137 51 134 101 191 165 79 37 36 49 139 89 181 166 107 156 115 91 67 54 49 148 143 196 21 65 154 24 87 87 89 56 190 140 36 60 180 181 136 103 35 11 15 94 49 30 16 33 96 74 162 186 47 79 113 126 86 152 190 105 42 60 162 116 13 41 82 171 12 75 32 61 96 27 69 113 178 86 98 111 172 161 127 112 46 18 54 142 154 33 116 40 164 108 160 190 139 32 55 60 54 149 28 198 158 20 92 14 85 93 17 136 119 31 168 193 200 129 81 122 76 53 121 125 43 141 57 108 151 77 131 44 189 39 139 33 177 15 48 117 141 41 99 85 83 118 111 58 20 131 129 57 183 23 54 174 29 59 126 167 123 72 37 71 128 183 109 145 112 123 162 12 68 196 191 
104 134 68 193 78 142 93 140 162 121 122 159 175 141 171 17 55 57 196 190 48 50 129 137 129 26 26 38 191 186 37 22 172 28 144 112 59 159 145 26 61 196 134 160 129 182 126 74 26 61 125 10 186 76 179 172 136 182 99 126 197 92 100 190 108 87 61 136 110 65 75 41 41 89 62 141 15 148 109 84 128 108 142 31 132 121 182 52 161 186 122 114 127 53 62 69 42 80 177 18 14 33 172 112 91 41 173 49 167 110 18 36 198 172 138 56 137 157 112 178 163 124 60 147 39 66 127 106 63 104 56 143 69 190 148 57 50 58 106 147 170 164 184 51 134 51 124 26 90 163 33 195 118 173 60 160 31 77 91 135 23 114 134 141 96 169 167 194 130 85 160 106 110 44 47 89 104 24 170 18 85 22 153 172 102 43 171 80 137 27 58 90 25 107 137 91 142 13 43 37 23 61 154 42 44 191 88 37 103 89 10 110 74 45 90 54 83 13 107 61 15 141 51 105 94 
105 159 139 79 145 103 118 22 120 174 173 199 169 122 102 146 190 161 189 165 187 31 39 132 97 100 19 176 108 22 60 83 25 200 48 119 133 155 22 127 52 21 131 185 12 200 181 131 182 119 40 123 121 114 83 83 174 93 141 82 100 194 160 190 89 40 139 13 17 14 12 25 111 14 105 86 15 189 24 92 165 142 90 162 69 62 86 93 68 32 147 148 21 53 110 142 13 194 22 155 196 100 14 193 109 41 141 67 196 121 193 36 26 43 115 189 86 94 116 61 103 118 134 146 55 39 157 121 166 168 161 131 149 191 67 93 133 61 53 63 185 51 192 127 95 45 139 121 92 84 145 178 147 180 184 56 86 10 21 94 189 150 142 144 12 40 181 98 114 78 111 15 173 142 108 120 50 132 67 49 70 171 114 16 31 37 158 197 149 156 163 137 174 85 32 45 129 57 166 25 159 116 143 132 59 106 122 127 200 59 27 178 146 173 138 69 52 79 175 28 38 197 93 73 82 
183 127 83 98 138 58 42 43 199 104 13 172 163 165 160 45 93 146 52 196 82 30 17 56 85 93 42 72 164 23 167 44 65 171 134 68 175 89 101 65 144 31 82 72 120 75 114 169 23 168 160 50 94 133 11 186 36 74 36 92 115 137 114 10 166 78 177 127 34 168 164 33 70 52 105 103 126 90 54 33 183 137 124 85 181 103 196 20 115 188 189 192 150 57 10 62 111 177 39 16 42 151 88 60 181 52 18 64 167 92 36 39 181 61 106 28 147 117 96 46 56 42 179 28 80 146 194 57 161 196 37 126 128 12 97 137 161 33 180 15 176 162 109 82 89 121 198 166 41 172 150 67 98 176 41 145 147 173 188 77 21 135 132 87 157 105 36 199 68 159 48 153 55 199 137 179 90 146 135 37 106 30 33 81 188 23 78 108 198 12 143 31 133 18 80 163 127 142 24 142 199 185 112 45 154 79 144 189 163 158 161 90 50 117 196 124 20 40 39 58 131 37 36 190 60 
127 102 171 96 123 94 63 36 136 143 199 65 147 127 117 31 193 72 74 190 56 87 15 68 134 33 46 102 101 117 25 141 165 24 63 161 24 58 139 108 157 122 62 158 59 53 126 193 125 141 123 103 34 119 136 31 133 76 14 138 126 37 45 27 162 142 137 31 71 153 132 113 46 167 123 95 46 156 72 57 101 67 55 180 17 80 127 135 10 99 127 95 70 101 194 171 200 15 75 187 159 118 146 197 107 62 30 156 169 105 76 167 44 145 86 31 121 124 118 165 78 10 74 46 29 40 187 50 62 70 136 198 36 34 197 45 77 19 79 134 72 116 39 161 146 61 153 89 132 107 21 90 194 149 111 43 195 100 20 13 35 182 39 84 43 171 79 116 37 72 191 163 154 111 80 34 160 32 105 76 132 138 192 123 123 160 198 27 200 19 188 159 95 110 20 76 190 17 177 103 102 145 43 48 24 84 136 181 70 73 124 79 70 134 28 63 55 65 94 186 83 54 93 94 109 
74 133 139 188 120 52 154 93 86 169 73 23 72 76 14 78 175 200 138 14 158 192 179 194 43 173 19 72 107 12 192 14 79 137 74 181 174 114 56 54 100 87 189 52 174 98 169 85 187 61 128 139 134 71 189 185 159 26 45 95 137 183 85 150 104 123 161 14 94 28 150 182 60 58 178 133 133 94 53 185 138 26 195 130 146 25 144 176 42 184 52 134 98 179 64 13 36 84 187 148 168 140 180 66 143 110 11 64 119 25 23 138 70 134 59 30 14 175 153 99 37 62 43 196 65 176 188 145 39 89 101 129 57 64 176 143 185 114 180 62 197 44 15 39 173 199 72 113 70 53 14 112 153 67 192 57 169 52 92 97 141 16 123 76 165 45 52 60 134 75 90 157 113 68 35 182 199 100 139 70 137 66 144 82 165 30 194 38 22 129 128 76 94 174 168 190 108 146 170 173 70 43 20 45 84 126 76 17 154 164 175 119 137 77 66 57 173 151 143 82 99 117 80 77 109 
123 126 135 86 161 96 80 66 56 55 26 61 177 86 139 63 50 59 63 77 68 159 64 195 101 32 129 90 151 94 120 175 10 79 96 186 135 158 134 169 141 21 58 185 162 13 160 127 43 114 92 90 31 130 136 111 200 158 31 188 19 162 102 75 108 65 49 34 116 53 165 26 105 177 136 47 185 98 178 15 14 141 79 36 126 121 95 122 115 163 133 24 86 163 19 59 103 110 94 101 153 127 46 142 126 156 58 27 22 47 100 172 102 48 40 53 49 53 106 149 42 106 96 85 83 126 76 64 160 66 198 172 183 154 111 150 190 28 93 152 186 114 173 92 60 96 80 59 119 21 196 192 191 108 167 59 49 37 39 112 118 103 76 50 127 31 128 127 59 157 66 58 179 133 92 26 53 108 159 90 148 110 89 14 108 46 79 176 37 45 24 92 94 26 35 63 16 85 101 103 23 152 138 42 177 164 151 78 47 139 92 25 79 40 157 110 168 83 134 80 176 130 109 30 93 
44 179 88 120 135 193 152 43 116 118 149 18 14 102 116 195 110 193 84 122 99 117 33 108 83 64 16 115 112 57 56 128 94 41 132 11 16 118 72 24 106 84 186 199 52 78 118 63 160 108 46 138 72 182 56 119 93 158 10 145 52 120 53 188 68 62 100 47 79 69 138 188 62 104 106 120 136 91 61 117 35 56 167 111 96 144 55 52 38 87 28 118 56 192 27 112 90 168 77 154 27 164 157 167 197 62 139 32 21 137 54 151 100 19 83 200 100 189 106 91 97 84 168 102 184 88 141 173 182 182 174 100 65 61 149 163 170 29 36 129 34 61 97 122 100 155 29 19 150 108 175 199 123 92 183 196 183 79 147 125 196 100 93 53 178 194 116 52 30 126 108 84 138 167 93 22 180 176 82 74 33 109 73 78 118 78 76 137 28 22 34 152 196 24 165 188 96 134 65 68 122 167 71 58 35 95 35 175 18 86 39 32 60 113 63 64 41 70 134 134 146 187 35 170 173 
109 74 24 15 183 110 187 184 26 82 120 51 134 84 113 187 26 102 142 86 137 122 173 147 170 66 85 137 92 60 69 121 58 159 129 113 109 94 108 35 179 73 38 177 111 182 46 22 65 159 55 18 73 152 191 73 100 155 59 170 152 149 24 67 142 126 29 135 72 47 108 55 154 109 144 49 94 103 68 98 30 82 181 73 131 58 55 35 10 128 114 168 135 38 135 192 197 45 36 130 126 23 50 127 34 15 160 137 195 192 117 102 127 111 193 36 146 126 129 71 181 149 160 37 73 112 188 45 145 58 195 124 64 193 169 120 13 198 41 94 30 80 159 41 29 113 42 171 41 26 147 191 146 179 30 104 65 23 189 98 31 83 62 70 139 88 109 73 27 95 195 66 126 167 199 70 45 151 58 36 75 147 43 119 112 16 25 142 39 105 141 64 99 73 169 47 36 102 65 140 165 33 105 159 192 11 26 153 64 102 193 137 63 123 43 95 187 161 67 58 143 10 16 144 132 
35 96 75 51 89 49 153 106 41 152 148 87 164 129 127 131 116 100 78 167 184 40 42 99 143 76 193 92 82 191 153 55 72 52 141 10 44 98 92 158 129 57 121 78 147 35 183 131 64 71 47 145 39 115 26 55 47 82 196 156 120 34 44 115 57 137 200 148 73 122 95 38 132 38 195 168 32 135 31 38 68 166 137 162 25 148 33 62 122 18 119 150 57 102 27 177 106 150 119 145 152 180 94 31 43 46 88 135 104 24 73 23 70 176 66 32 122 142 147 143 104 88 64 62 145 65 131 92 54 28 87 128 144 131 90 34 130 117 34 105 120 152 105 79 15 113 31 115 113 173 173 193 22 47 131 73 13 150 129 36 128 96 57 164 161 164 181 143 118 23 138 18 121 159 61 95 97 137 62 21 163 176 183 53 199 29 192 177 194 36 154 30 31 29 106 81 196 49 171 37 15 88 21 175 77 175 135 187 55 73 188 73 140 194 167 33 122 55 91 57 62 14 47 147 89 
43 89 196 157 158 157 36 10 191 173 30 41 166 73 77 174 63 13 165 128 67 166 16 48 110 135 36 117 135 99 98 22 164 92 143 143 82 29 34 158 26 154 125 158 31 19 112 141 188 62 82 72 156 159 50 190 165 174 102 140 199 61 81 107 147 107 177 182 65 67 145 134 142 146 173 122 22 76 192 55 112 107 53 182 73 155 110 131 96 188 92 135 132 194 198 45 68 156 100 171 17 12 86 158 17 12 41 107 11 21 162 15 140 133 169 60 100 183 40 16 19 192 92 60 34 105 38 185 184 53 31 118 15 11 61 167 75 21 98 147 199 37 155 126 30 28 158 189 151 30 141 54 68 171 94 128 42 99 197 63 114 84 21 134 76 144 32 82 127 183 42 180 62 32 192 159 163 75 193 67 172 63 10 194 91 186 103 193 28 158 193 128 147 26 168 149 165 174 134 64 58 181 171 189 77 58 30 58 14 183 195 127 50 69 151 118 137 193 73 20 195 99 51 66 57 
