20 10 20

50 45 12 11 27 15 44 30 34 16 41 23 16 15 17 16 18 12 6 40 12 5 37 17 46 40 17 14 38 37 27 35 13 48 17 25 35 10 48 10 38 24 33 42 18 32 32 24 40 48 9 25 14 21 14 25 16 41 30 10 32 13 20 15 41 26 15 36 42 40 19 27 47 17 45 46 48 13 36 49 44 20 50 30 22 8 29 32 35 45 34 31 8 9 38 35 28 45 35 36 43 25 10 26 50 14 31 50 12 32 5 17 25 17 9 14 13 15 29 37 19 45 39 8 23 50 17 24 13 28 43 44 33 14 9 47 38 7 27 9 26 14 38 22 22 31 37 21 18 23 34 32 17 50 37 33 31 33 14 24 6 22 6 30 8 31 15 24 34 9 28 17 19 17 23 19 40 44 47 8 24 10 46 33 34 50 23 38 20 22 13 19 38 22 34 32 35 28 25 19 
5 14 30 26 38 5 41 5 19 46 32 22 11 26 19 28 33 9 32 27 7 50 8 45 20 11 43 29 49 17 33 31 30 9 25 31 39 7 7 17 17 45 24 21 30 39 6 5 19 20 38 36 30 28 20 12 15 15 34 19 24 42 30 50 18 45 44 43 15 35 47 19 34 44 8 13 47 26 28 43 25 5 24 16 12 23 13 21 10 20 15 26 11 22 44 14 21 18 36 37 25 33 5 27 8 10 31 49 12 48 14 18 20 10 40 43 17 45 46 30 15 9 48 6 8 48 45 44 44 8 37 40 18 42 8 9 27 28 22 24 25 12 9 14 47 5 40 32 18 15 22 46 6 25 26 23 46 7 37 13 21 30 32 22 38 34 25 47 31 16 11 45 36 35 38 28 47 18 31 47 34 13 40 50 11 28 15 17 48 31 27 23 25 45 38 11 20 18 35 28 
18 35 47 50 33 36 24 12 49 50 11 7 38 6 27 16 11 28 21 32 25 18 31 18 13 44 24 47 13 22 34 38 31 16 39 16 34 9 42 15 11 12 42 22 37 14 25 15 7 41 25 27 31 7 45 10 37 47 41 34 24 37 49 10 30 27 35 13 40 28 47 9 42 35 31 43 50 36 41 42 22 43 6 32 5 31 17 12 29 27 28 9 27 33 33 41 8 24 31 16 9 31 11 16 15 23 34 15 14 30 28 8 35 34 22 42 6 23 46 24 10 17 41 6 21 48 34 21 31 50 44 31 21 26 43 40 12 18 5 19 42 49 24 22 8 31 47 30 24 32 7 34 39 30 32 33 5 20 31 13 50 6 42 44 36 45 29 29 34 33 27 10 17 9 44 26 34 18 22 44 8 21 27 32 11 39 33 41 27 36 35 12 22 47 24 28 16 9 22 18 
49 13 9 34 7 8 46 6 41 14 41 35 7 34 38 9 29 39 28 5 11 36 5 20 16 8 6 19 9 9 17 6 29 49 10 41 11 42 35 10 28 17 50 9 39 40 18 6 14 42 6 12 10 15 31 25 31 38 44 6 26 8 6 24 34 30 46 23 32 45 40 48 8 39 17 23 38 13 18 41 48 15 50 35 41 36 33 40 35 26 43 37 48 27 36 41 28 26 37 39 43 23 8 8 33 9 48 13 10 45 29 11 29 38 33 16 41 16 34 29 33 36 22 37 42 30 38 48 21 30 16 9 42 26 18 15 5 35 46 12 48 12 39 47 35 41 7 20 12 22 43 20 36 5 21 37 25 36 34 25 11 38 40 11 16 8 41 9 21 37 36 18 5 28 6 19 23 22 40 15 31 38 33 10 44 36 7 20 41 15 49 28 36 31 44 38 46 33 23 12 
33 22 8 35 49 21 32 30 20 33 9 28 40 34 19 48 47 25 49 34 46 45 40 28 18 23 19 42 46 40 38 24 27 10 43 17 6 41 20 7 34 42 7 48 17 30 45 38 48 33 37 6 37 17 15 24 48 14 12 38 50 48 35 13 28 18 22 35 11 16 13 44 43 18 38 42 16 22 32 15 26 21 33 41 18 48 48 21 44 35 43 23 29 8 45 20 24 44 8 6 46 45 10 25 27 49 49 46 5 27 10 17 28 15 28 17 14 17 25 45 36 20 5 38 30 13 29 24 18 20 21 27 44 31 14 39 31 20 30 10 10 27 21 44 23 40 20 7 16 36 15 29 32 11 30 31 36 36 10 33 41 13 8 37 7 42 14 50 27 50 35 12 12 48 11 29 46 16 37 45 38 25 13 31 33 6 7 30 11 23 43 29 42 37 50 17 21 25 39 27 
33 16 13 30 37 16 32 34 47 46 49 40 46 29 47 44 24 39 26 28 30 24 49 33 32 28 25 8 6 44 5 38 48 49 21 20 20 32 23 23 27 5 23 41 6 7 43 33 26 8 16 14 7 11 29 37 38 37 40 47 22 6 47 11 48 22 24 15 5 15 6 38 24 16 26 15 39 36 36 17 31 20 16 31 49 35 27 12 38 19 15 9 11 15 8 18 10 37 50 29 49 18 5 26 8 16 39 31 17 12 25 5 42 5 10 8 33 27 26 38 30 29 5 30 47 33 13 9 34 8 33 15 5 23 40 10 10 7 48 16 43 19 28 36 45 14 24 11 34 46 34 6 19 28 39 42 48 28 12 32 39 37 11 28 49 11 6 7 9 33 46 48 19 30 32 22 27 46 41 45 20 31 40 15 11 30 6 44 47 17 30 32 7 19 17 39 39 43 30 10 
26 8 34 49 45 8 6 31 49 21 49 9 13 28 43 48 19 21 20 48 36 11 27 35 7 15 43 16 40 7 46 32 14 23 42 27 36 13 5 36 42 16 37 36 27 5 39 46 30 26 20 32 44 9 25 20 22 20 31 25 46 22 26 22 16 28 20 24 16 40 5 18 36 29 33 23 15 15 41 41 43 28 24 48 11 43 34 49 50 12 24 22 24 48 37 36 27 43 41 34 13 39 48 37 32 5 7 45 23 37 49 8 38 20 39 23 21 50 30 28 35 17 12 19 39 36 45 33 21 41 14 10 26 29 27 15 37 40 11 11 49 26 49 41 22 19 24 29 16 27 31 28 34 21 18 7 46 47 42 19 45 14 18 20 26 20 19 29 28 32 35 50 31 28 41 50 16 47 39 33 42 43 16 33 29 21 26 47 31 40 42 34 9 30 13 36 40 25 26 22 
42 44 30 28 18 50 10 18 28 18 44 25 12 5 44 14 35 12 32 40 48 28 16 22 36 34 27 46 45 18 46 5 6 14 44 44 44 38 9 37 31 33 36 32 15 29 30 50 22 40 29 10 44 18 16 20 11 15 11 40 8 38 34 23 47 9 24 20 25 16 38 29 40 14 40 33 14 16 29 48 24 46 19 13 43 26 21 11 19 25 26 37 12 43 13 37 43 18 17 12 47 20 43 31 19 15 49 43 48 35 15 30 45 48 6 23 41 34 34 37 6 8 26 7 48 27 40 50 31 50 5 23 12 39 48 6 40 17 6 44 35 42 41 14 41 36 40 43 15 40 38 17 33 35 15 41 14 34 5 9 34 38 37 17 30 19 11 49 41 15 21 38 37 35 29 31 46 36 36 35 26 37 22 35 26 26 48 35 16 29 15 16 23 16 45 18 21 33 31 24 
19 39 23 25 12 34 12 44 50 16 29 39 31 28 10 22 21 29 26 45 33 38 44 24 37 29 37 43 43 27 12 48 33 15 11 45 19 10 37 19 24 19 23 8 47 25 27 41 33 48 27 17 6 21 40 45 11 47 12 35 33 8 37 43 25 49 15 14 36 38 28 23 24 38 18 28 43 39 5 38 8 28 16 17 31 15 37 40 32 18 36 47 24 29 22 32 9 30 41 46 28 15 38 5 32 6 16 8 42 16 18 29 15 5 15 45 6 49 12 48 29 20 10 15 11 11 19 13 37 46 20 47 42 31 42 21 49 10 36 14 16 42 47 38 40 20 47 41 48 16 25 29 11 50 34 14 28 41 7 17 47 16 26 15 39 37 41 37 35 43 21 35 5 20 19 46 39 40 10 8 13 46 49 11 50 17 17 13 50 49 49 45 11 47 14 23 28 23 29 30 
32 25 10 29 47 15 14 16 20 7 17 40 15 6 37 22 42 13 20 20 5 22 42 28 18 33 20 37 8 24 14 40 10 24 42 17 46 18 12 5 42 20 16 27 42 36 16 6 45 21 18 22 32 9 8 46 47 50 43 28 48 46 5 34 39 26 50 13 42 27 13 21 24 49 21 8 30 20 46 45 18 41 16 22 19 37 47 46 22 13 21 9 29 19 5 16 45 37 23 14 42 39 9 43 6 23 10 48 39 39 26 25 40 46 11 28 24 38 20 32 33 48 48 42 34 5 24 25 9 11 11 40 24 45 47 24 15 27 14 34 21 24 44 19 33 48 24 6 18 17 24 9 19 21 6 48 50 50 44 5 19 39 43 36 12 44 34 28 39 35 40 46 8 21 15 39 11 21 45 14 9 28 23 7 22 40 46 27 32 22 6 5 12 18 30 46 13 28 7 36 
27 44 39 6 48 41 12 12 14 16 17 30 29 48 48 48 33 37 7 36 33 41 25 17 50 17 50 20 8 8 29 39 46 38 50 18 31 19 45 40 21 19 9 18 50 36 45 25 46 25 30 13 40 9 5 43 50 34 31 28 21 29 22 28 30 48 49 38 22 41 46 8 46 20 28 42 45 45 9 41 50 45 42 46 38 12 43 19 9 32 40 26 28 21 50 27 7 45 28 18 27 44 14 10 14 21 10 13 43 42 9 17 24 46 18 11 30 18 14 11 8 39 21 31 23 39 28 37 43 50 8 30 25 27 37 39 34 5 15 21 24 27 34 37 9 38 29 43 41 28 31 12 7 8 11 29 30 15 27 45 12 7 34 49 26 18 19 13 13 30 24 32 22 27 33 5 40 47 20 10 18 30 41 12 38 35 23 22 34 35 48 38 38 34 11 7 46 33 9 20 
27 44 9 33 30 20 32 38 20 10 40 7 50 22 15 27 11 46 17 14 49 39 27 10 46 23 30 33 9 37 49 23 34 11 33 43 36 25 41 40 38 39 50 50 19 19 35 36 29 10 16 35 41 27 12 40 26 21 6 38 42 16 34 38 18 17 16 7 28 17 22 38 20 40 18 13 8 23 20 7 15 23 22 26 11 7 44 32 23 36 50 27 22 36 33 43 42 38 41 32 42 42 11 45 20 49 25 21 35 45 46 8 9 15 42 25 16 38 32 32 15 47 47 43 9 9 49 28 19 10 42 42 39 40 34 36 46 15 34 11 14 22 19 5 47 41 48 15 36 22 33 9 15 50 12 33 35 24 33 40 28 33 10 26 20 34 34 27 40 41 18 21 10 37 7 30 44 34 21 37 37 16 31 25 20 21 8 29 13 12 28 36 41 23 7 48 11 15 22 7 
50 8 6 22 48 22 25 47 26 29 20 16 15 26 10 6 18 39 8 47 47 12 7 10 44 39 48 35 14 10 36 15 43 20 11 28 6 46 41 17 31 37 9 42 13 37 20 24 50 36 34 47 28 23 38 47 24 15 25 30 34 46 10 38 33 25 38 13 44 21 42 35 21 27 16 37 50 38 35 49 31 49 18 20 47 32 30 9 45 39 33 39 45 24 41 20 28 43 29 23 18 48 10 28 7 5 24 21 14 12 23 12 32 32 15 24 39 48 31 16 26 33 14 27 39 28 46 7 8 19 6 5 9 34 9 50 41 36 46 10 43 17 35 42 18 35 11 7 38 20 32 41 22 21 20 29 13 45 43 31 34 42 29 37 12 24 38 40 37 14 13 34 7 45 40 10 18 26 44 11 19 28 22 13 25 32 41 13 32 19 31 20 12 16 25 23 42 39 38 33 
11 33 47 48 12 18 6 44 37 46 11 32 18 5 45 24 10 14 37 38 21 19 44 21 13 11 32 46 32 13 13 21 9 31 16 8 23 20 32 19 26 22 39 42 19 12 10 26 11 34 5 19 14 12 20 22 36 19 25 47 23 18 17 20 38 11 24 18 5 45 12 48 16 44 34 11 19 41 25 39 11 10 5 24 16 40 25 27 37 47 13 49 40 25 13 36 18 48 15 41 45 39 44 48 21 37 34 28 44 17 47 50 35 36 48 25 16 13 50 34 45 38 6 23 5 30 44 28 23 9 46 26 7 43 5 9 14 29 49 38 23 42 25 49 8 43 48 34 38 11 11 22 25 21 27 49 40 10 5 30 26 29 45 46 32 41 34 39 5 31 43 19 39 43 20 46 50 13 36 25 16 42 34 13 6 23 37 38 19 43 15 27 48 12 41 12 6 35 29 25 
20 34 47 39 10 11 22 48 7 31 8 39 44 49 33 31 44 40 30 17 23 15 6 12 26 21 13 7 30 46 33 27 47 49 40 32 37 9 43 20 24 50 20 37 17 36 38 23 8 10 50 46 9 39 39 7 9 18 46 32 29 30 25 44 34 38 16 22 15 39 49 42 47 29 33 10 8 8 13 7 18 13 37 45 31 21 8 7 47 48 10 45 29 39 22 15 18 49 35 27 41 9 8 43 46 12 7 9 7 42 15 14 27 33 9 44 9 36 50 47 11 36 49 49 36 8 21 28 10 29 45 13 49 8 7 23 26 22 30 23 44 15 17 31 42 43 23 26 49 27 19 37 11 29 19 48 45 9 5 41 12 39 49 30 6 31 50 14 33 44 6 38 45 27 45 38 12 47 49 33 45 15 43 44 9 43 49 22 50 23 27 9 19 47 19 17 23 49 13 42 
37 47 23 39 45 16 36 20 31 36 47 9 10 27 31 50 12 19 32 50 17 18 47 6 45 12 9 27 12 16 16 15 28 44 11 8 18 14 12 37 26 38 11 15 23 43 25 43 16 25 16 32 20 10 29 23 15 8 40 42 29 40 14 35 24 9 28 16 15 32 12 41 30 18 27 12 7 50 20 19 19 15 35 5 41 11 40 33 45 32 42 39 48 9 25 35 5 31 28 46 48 27 50 40 37 7 40 26 17 14 37 39 18 33 8 26 11 36 20 6 45 42 7 20 35 24 40 38 19 38 9 12 11 36 45 27 11 34 32 42 15 45 23 35 18 44 23 13 7 31 48 33 20 23 11 46 13 13 39 10 40 29 6 45 37 10 46 16 11 29 37 7 27 20 37 31 38 7 9 50 17 41 37 47 32 43 17 38 50 49 6 50 45 37 32 11 21 42 19 36 
12 35 20 23 17 46 33 10 22 26 26 31 44 26 48 44 31 18 28 5 39 34 20 13 34 10 15 21 41 28 25 37 34 7 31 7 47 8 37 16 38 45 43 34 7 47 5 11 46 18 15 33 10 22 12 25 7 22 12 38 10 5 10 28 43 23 41 32 11 34 43 50 5 33 34 48 8 26 38 49 41 21 41 44 49 47 10 20 42 29 7 6 7 6 18 29 37 15 41 31 23 49 9 25 20 24 39 30 44 11 15 50 10 37 36 33 30 43 46 36 8 33 23 48 13 22 38 25 22 27 7 32 10 50 28 38 24 49 20 37 47 18 42 12 10 34 8 27 6 36 7 18 24 21 9 19 15 37 41 5 9 47 36 8 33 48 32 20 13 48 10 26 9 16 26 46 34 15 15 26 16 48 33 43 19 16 46 31 16 18 49 35 26 43 19 7 45 29 25 16 
36 44 35 23 37 50 43 50 23 44 16 43 24 5 29 49 47 41 45 24 44 12 13 29 44 34 31 34 24 18 39 9 23 14 12 47 31 24 35 45 46 24 36 36 35 45 5 38 17 9 28 21 5 15 44 36 33 50 14 9 32 5 11 27 34 19 29 23 31 27 23 35 39 19 16 20 45 21 44 46 23 19 47 8 38 37 9 38 33 31 40 27 14 40 32 29 47 10 33 33 42 12 30 34 7 19 41 29 5 33 49 39 45 50 33 22 20 9 50 49 29 12 46 49 32 34 43 31 30 12 47 18 44 49 44 22 32 44 29 31 10 22 40 48 10 8 49 7 25 29 31 26 45 43 47 32 35 36 48 15 24 27 9 27 30 14 17 18 30 36 36 23 16 45 18 37 50 40 34 13 37 11 20 21 11 27 36 49 24 12 36 41 17 26 34 23 42 45 40 8 
16 5 24 27 25 9 23 7 6 43 22 13 45 14 28 11 28 38 29 31 37 21 32 41 28 26 43 46 25 15 37 46 22 26 31 21 35 43 50 15 31 22 28 23 48 30 22 24 6 34 49 11 50 6 36 9 31 21 19 11 25 7 5 50 23 9 20 50 10 46 14 25 39 20 36 6 22 33 25 16 44 43 42 41 45 35 14 20 17 29 19 15 41 30 29 31 26 38 21 42 9 22 34 17 14 38 17 23 45 17 45 44 36 27 12 9 42 24 43 40 40 25 41 19 49 16 47 44 23 20 6 20 6 34 36 18 11 19 32 23 20 21 12 9 31 19 37 12 27 42 10 10 24 6 19 28 15 36 47 6 26 47 43 22 30 45 34 25 45 37 24 32 43 7 21 6 37 44 22 14 26 6 48 14 26 9 37 14 32 25 37 16 42 12 32 7 11 25 10 49 
43 17 29 43 34 9 16 40 5 22 19 28 35 31 42 32 21 31 10 30 29 44 23 19 21 20 47 46 9 44 46 31 48 41 36 15 7 19 31 38 32 7 36 26 14 29 26 19 9 33 20 26 19 32 18 29 42 8 27 32 23 29 46 38 43 5 15 49 18 11 19 13 37 11 36 49 43 18 27 14 13 36 33 5 28 43 29 22 50 33 30 27 14 44 20 49 26 24 36 34 14 35 5 44 28 25 10 11 41 18 33 38 48 45 40 14 15 37 44 25 27 16 43 40 32 38 33 29 37 19 44 34 39 22 37 39 12 50 16 48 40 37 18 38 33 9 16 50 49 39 48 5 22 18 15 14 15 46 37 49 49 25 10 50 13 44 20 45 43 44 42 49 27 50 45 17 22 33 50 5 27 34 32 6 34 36 15 34 33 33 29 38 44 49 11 39 12 34 36 50 

175 111 49 46 25 156 51 22 166 117 128 34 55 41 69 33 71 34 118 58 143 20 165 26 176 159 180 128 65 167 22 92 198 84 156 61 153 88 88 130 200 156 83 96 20 154 71 156 169 67 151 85 70 63 157 94 166 145 85 175 189 179 95 43 48 103 171 132 73 58 158 152 20 177 87 125 95 112 41 57 44 191 109 133 147 149 166 112 196 16 117 85 17 59 72 117 11 193 36 174 170 69 106 89 126 24 96 100 125 155 20 63 192 40 67 178 80 46 23 199 133 181 12 100 117 76 176 117 32 91 82 51 183 197 155 102 111 29 135 59 110 68 52 174 180 168 136 194 37 104 82 123 50 37 109 47 70 71 118 170 74 64 124 123 98 97 192 56 45 86 37 80 140 29 92 110 12 74 120 114 22 143 177 164 118 154 148 136 11 68 148 82 95 144 179 156 41 114 183 78 
22 54 57 115 179 118 69 78 151 20 38 150 61 122 185 49 128 142 24 152 162 156 67 110 97 130 83 150 71 11 24 37 22 128 71 11 161 146 47 83 163 97 21 183 91 86 60 126 124 64 199 62 192 48 189 187 71 96 84 199 170 164 43 95 118 184 17 156 13 27 129 135 154 118 101 109 24 91 80 116 15 185 80 40 188 190 136 142 84 139 30 95 130 35 102 128 82 85 106 147 58 151 19 124 189 61 187 197 136 114 61 41 90 168 169 175 16 189 160 151 66 155 58 118 37 75 42 182 149 35 186 153 142 26 192 184 73 134 200 163 50 192 107 98 147 50 119 108 99 96 117 177 29 157 99 55 150 156 28 17 85 83 100 45 161 131 193 42 125 184 184 19 64 83 167 23 133 194 84 132 88 34 192 87 124 15 54 134 161 62 145 172 103 129 107 73 10 37 163 94 
148 188 188 50 157 171 11 25 110 129 30 23 109 113 54 45 193 74 152 97 141 120 134 18 117 139 159 194 88 15 124 183 32 66 148 101 11 90 122 109 13 16 145 200 52 194 77 172 37 12 78 160 58 153 198 178 74 199 183 169 184 104 49 112 68 186 85 96 27 97 121 25 178 19 87 67 198 52 58 145 106 119 30 161 53 172 121 73 22 175 191 82 99 41 24 165 134 142 135 179 80 58 34 177 124 148 54 27 47 134 184 86 137 152 130 169 179 138 112 104 41 192 124 164 15 24 174 97 160 192 133 71 35 56 184 86 139 152 56 124 66 165 22 141 83 186 115 55 109 35 87 154 170 198 172 95 94 198 63 67 160 167 150 91 190 54 159 70 131 83 90 125 38 130 170 171 100 48 189 163 128 24 22 92 80 166 19 129 16 88 100 133 24 74 135 128 66 24 179 67 
101 66 116 144 105 56 158 27 157 31 17 185 98 136 65 153 145 108 34 195 161 80 139 127 192 158 145 107 163 195 163 90 102 165 152 78 104 141 25 35 66 76 14 95 132 177 110 184 85 84 120 111 169 33 161 194 107 93 176 131 151 138 125 136 107 200 26 101 194 144 156 32 127 16 153 116 54 178 111 69 16 160 113 181 187 94 124 151 81 145 105 165 127 180 132 69 125 28 31 90 91 199 195 76 126 16 119 124 63 160 188 164 119 114 79 152 167 25 32 121 81 131 106 153 50 118 190 65 142 19 45 114 109 118 127 56 146 150 155 127 100 192 105 108 74 161 126 172 130 112 196 14 22 81 122 87 50 197 174 191 177 178 152 159 160 199 178 75 71 11 37 164 21 39 132 196 92 51 37 139 113 136 195 150 154 176 110 196 88 104 89 108 75 135 146 33 151 126 129 24 
39 98 93 180 104 93 128 85 30 83 43 53 185 35 141 86 129 45 78 82 151 122 152 144 104 92 109 35 167 198 91 139 62 175 33 151 81 174 162 199 164 34 143 63 43 188 54 11 140 101 83 52 33 44 177 155 160 74 116 82 172 34 117 12 14 197 59 185 168 143 92 20 135 53 17 81 72 173 41 34 128 154 129 11 81 16 178 171 198 16 191 94 200 133 36 153 11 105 62 80 12 191 132 139 81 94 29 22 117 101 91 55 106 164 56 182 67 24 82 45 62 63 172 40 167 189 60 77 69 13 23 167 160 26 157 167 100 103 185 185 153 77 65 137 178 86 51 106 116 173 110 179 104 74 200 101 65 93 189 102 172 98 164 113 73 68 89 87 163 136 90 13 45 92 43 109 149 145 60 102 89 158 62 112 130 90 193 31 126 89 84 41 110 131 33 35 140 137 22 164 
80 49 48 47 81 63 81 81 14 116 148 48 167 145 146 143 78 142 76 165 135 73 129 83 110 32 53 58 144 106 115 11 196 176 72 102 15 122 94 33 54 183 49 149 70 17 166 103 75 153 71 134 184 54 163 58 193 195 105 14 163 181 195 182 179 156 37 67 151 19 19 195 14 192 15 153 122 72 62 130 118 20 71 36 151 34 126 90 112 104 198 129 119 67 73 79 192 176 187 151 62 144 67 10 103 147 57 33 103 37 91 53 104 166 18 182 163 41 135 13 181 22 156 193 71 162 192 53 163 125 47 191 141 111 19 195 185 168 74 133 15 194 64 66 154 113 192 117 170 53 120 79 56 196 125 10 46 38 58 159 80 95 194 12 117 200 43 34 24 66 40 87 25 88 126 118 178 45 76 139 78 138 42 122 170 41 143 69 161 155 88 141 163 159 70 116 37 49 148 97 
11 40 80 35 12 80 36 190 71 191 154 26 50 196 187 29 161 28 48 171 69 61 141 12 134 98 47 106 172 15 10 172 124 129 91 157 109 113 120 149 142 140 131 132 175 24 65 40 36 84 91 37 190 153 90 198 25 68 131 86 57 41 116 142 125 37 130 68 41 19 122 37 197 43 166 45 110 128 22 85 196 55 131 184 53 161 47 187 137 67 167 62 77 192 73 131 124 49 187 37 96 182 27 77 133 140 170 116 155 184 48 104 139 158 54 67 118 42 122 114 51 161 102 151 11 18 117 182 126 27 146 115 102 85 74 191 116 159 116 162 76 83 21 102 146 26 13 133 21 136 66 111 100 173 43 178 12 67 153 20 95 80 193 57 141 176 191 31 196 102 157 159 104 74 41 183 67 150 99 43 200 119 161 156 164 117 87 54 43 158 184 115 59 143 177 198 13 53 136 154 
50 163 51 49 63 90 181 142 127 112 42 88 43 43 118 92 197 78 176 67 90 114 17 197 15 183 133 164 172 69 60 152 146 165 49 20 65 99 37 152 188 115 156 116 92 82 162 73 185 65 99 14 39 93 141 159 197 56 86 104 170 177 171 87 174 129 88 87 43 76 166 107 145 138 133 30 190 104 114 96 76 56 32 96 63 100 106 88 183 33 181 96 34 15 39 55 178 102 72 181 69 104 97 59 88 101 24 77 113 32 48 59 144 138 117 101 146 127 195 159 111 159 200 92 88 40 193 65 42 44 149 73 26 84 175 115 151 197 54 154 58 136 174 31 136 84 110 112 101 175 17 89 120 36 73 117 200 159 189 40 60 155 76 79 51 160 13 101 89 25 19 102 86 147 141 185 139 13 96 16 87 61 91 128 178 119 166 105 14 128 34 78 97 35 92 89 172 111 51 94 
28 100 163 50 100 155 51 102 129 180 77 18 120 117 151 148 167 171 51 40 189 83 47 55 73 14 54 61 65 111 74 116 35 56 61 25 16 71 55 155 101 92 89 149 104 45 114 195 143 186 71 89 191 168 93 145 27 173 160 19 101 117 39 187 164 197 157 135 166 139 117 96 15 124 76 11 137 121 115 168 86 104 95 66 65 135 196 109 160 66 121 195 42 138 45 83 51 114 109 47 62 161 35 80 75 190 158 76 81 91 73 175 58 26 36 120 115 146 200 194 77 115 11 111 165 194 94 200 196 18 106 193 92 75 102 88 159 135 107 165 23 151 151 189 184 82 134 35 88 26 199 110 198 98 37 74 102 57 73 102 152 115 100 45 154 130 53 15 35 40 134 110 154 134 35 17 134 69 195 97 185 97 186 13 155 95 150 122 33 75 191 111 178 18 115 111 183 36 34 22 
167 90 194 59 158 46 135 31 112 63 94 187 12 200 94 43 155 137 198 117 180 120 199 23 131 74 38 130 80 87 85 200 145 85 67 20 111 79 101 59 133 200 102 26 144 114 130 183 82 54 191 168 91 37 153 198 32 167 151 57 62 195 171 169 96 79 69 36 95 143 116 22 29 121 71 148 188 78 101 32 46 72 152 24 119 157 157 113 85 114 71 157 22 39 152 177 167 44 44 67 34 50 161 134 199 25 150 102 57 161 136 161 113 92 185 12 73 27 187 64 32 145 54 176 158 127 88 137 99 189 17 149 150 68 141 21 93 30 61 57 123 131 14 144 58 20 80 151 128 106 178 138 13 86 33 35 184 146 159 143 130 90 28 181 116 77 196 110 40 82 39 13 55 145 25 57 75 136 172 72 92 200 168 103 161 112 181 19 161 135 173 177 196 170 140 181 118 60 150 92 
154 130 182 157 165 118 185 93 146 65 127 53 106 26 133 27 118 154 72 129 169 90 85 182 62 76 136 88 132 168 148 104 189 185 75 76 103 85 186 159 121 134 177 129 104 102 40 95 32 85 175 189 81 179 184 65 116 108 172 10 148 86 198 162 25 116 200 159 112 143 31 13 13 41 141 45 104 137 138 28 107 16 61 49 147 151 59 43 104 152 144 60 129 62 139 198 123 114 120 171 100 192 27 141 163 90 118 121 49 131 25 98 48 113 113 61 114 52 194 41 111 126 31 23 189 94 196 34 44 96 95 180 126 142 47 93 67 128 114 97 116 74 165 32 17 68 195 14 198 38 30 143 131 170 160 146 92 138 58 70 79 64 47 164 144 36 38 34 115 49 49 115 198 103 34 139 136 173 21 39 85 181 120 76 68 165 52 55 76 93 81 128 44 177 104 43 175 32 147 53 
96 179 167 160 59 60 194 101 134 48 76 69 189 21 149 37 154 88 75 158 32 98 153 98 138 89 118 185 190 52 72 20 101 122 199 188 79 73 79 197 195 160 163 122 57 26 158 18 52 44 50 160 177 186 153 64 70 85 29 22 37 161 162 114 79 132 172 43 118 140 90 162 78 139 22 13 55 187 85 117 151 111 73 10 173 136 121 83 99 149 108 129 39 161 64 90 187 40 101 55 14 18 115 120 101 57 23 16 85 160 34 200 178 12 127 30 54 141 83 183 164 96 84 15 56 101 190 187 43 73 151 174 96 137 40 79 60 48 110 69 153 163 121 57 102 71 36 76 64 194 77 53 37 117 40 100 195 196 12 122 61 112 71 200 146 57 75 93 143 103 61 90 181 88 168 62 32 173 140 55 114 84 104 123 62 98 108 91 105 151 76 114 106 160 106 172 119 148 116 175 
160 12 18 12 141 19 58 123 64 156 182 158 136 120 114 37 128 20 112 120 71 197 150 165 179 20 116 166 186 76 41 176 92 127 194 28 116 175 54 97 180 89 171 115 169 113 183 38 119 41 69 38 12 107 148 128 69 132 191 77 133 38 150 122 112 71 19 99 181 62 190 42 109 70 68 72 120 106 92 46 181 199 100 66 18 15 188 184 123 177 70 90 61 72 171 84 187 153 120 79 45 16 93 16 190 78 184 101 18 192 181 37 37 188 185 66 97 115 71 75 22 13 175 137 63 148 164 43 149 62 155 56 137 162 40 189 114 164 10 79 181 120 165 115 170 195 156 56 23 12 86 114 76 196 49 153 77 31 29 62 112 163 19 36 69 103 29 77 92 15 126 75 164 47 126 67 75 107 93 41 161 172 26 132 11 195 185 15 160 74 102 160 55 109 37 188 149 168 151 74 
34 27 82 11 140 159 30 37 177 193 16 24 200 71 75 56 24 149 112 111 181 123 42 144 107 12 28 135 96 55 33 13 131 181 166 192 48 148 75 139 62 106 189 31 111 149 97 119 129 20 130 167 128 26 35 27 69 102 41 50 173 39 16 171 148 35 187 43 109 197 121 72 46 125 156 98 52 182 128 178 21 47 133 149 37 36 157 98 12 154 25 146 196 58 133 73 178 88 137 36 121 43 84 138 112 128 169 65 51 126 86 45 25 161 19 79 60 34 85 97 73 113 180 37 69 84 55 47 103 73 99 106 104 57 37 145 64 50 141 52 48 62 31 132 164 95 53 179 94 51 97 52 127 87 170 166 103 109 153 107 122 93 71 176 99 51 103 124 137 79 193 57 61 188 10 25 122 76 96 191 115 73 156 189 46 93 44 90 34 101 100 144 192 174 197 36 155 11 156 165 
44 126 12 30 134 120 119 126 143 20 128 172 52 87 112 127 15 174 155 73 171 107 91 113 197 27 70 101 183 26 23 164 22 162 54 48 40 96 104 134 47 163 18 127 49 154 197 62 186 82 108 136 188 114 108 31 162 72 105 151 157 101 81 111 95 111 139 45 113 193 113 135 101 96 106 49 78 179 175 130 33 75 169 12 134 114 76 151 59 154 121 10 46 44 66 167 90 64 88 66 60 124 167 65 156 24 40 36 165 26 140 123 17 135 84 199 48 200 165 32 23 65 92 135 126 52 190 158 66 147 188 115 174 169 101 153 81 130 78 21 45 90 127 114 192 15 136 44 76 10 17 141 58 42 160 196 62 110 25 33 66 107 80 79 80 137 98 102 172 46 21 185 177 166 45 162 188 105 149 165 187 25 92 50 125 155 82 23 174 152 195 89 66 110 123 116 64 145 113 26 
51 160 148 91 68 56 52 158 57 60 28 59 23 114 160 154 190 136 174 31 45 151 123 44 176 136 100 26 40 158 126 92 75 64 45 40 121 146 169 101 24 164 189 57 162 126 152 90 166 80 162 96 32 48 85 65 115 45 129 86 31 154 194 32 155 64 163 151 140 164 33 156 146 24 36 60 148 24 86 64 91 185 170 73 57 73 56 151 89 32 36 159 104 141 82 70 150 155 137 179 57 94 88 98 86 16 64 97 151 115 132 98 102 18 74 123 55 18 17 192 172 172 110 164 113 187 63 134 57 97 17 150 82 14 76 37 26 121 153 131 139 132 69 156 147 35 146 24 176 81 195 176 128 170 85 58 198 188 24 160 173 57 171 148 149 144 74 96 166 182 26 83 199 81 106 22 115 170 150 164 172 37 196 124 80 49 195 54 22 189 118 26 95 173 124 25 31 131 198 52 
197 83 109 24 131 51 87 147 107 112 119 66 143 83 182 87 170 118 160 155 145 129 25 24 100 186 78 186 147 132 179 105 76 143 127 62 181 90 34 166 113 102 97 15 200 176 193 189 108 94 139 179 161 65 178 185 166 164 120 57 160 112 165 161 114 133 55 14 185 61 74 196 116 73 55 182 76 59 32 196 190 149 37 79 36 24 73 139 170 75 132 170 25 15 138 173 162 10 164 12 134 135 44 105 96 88 200 191 42 87 38 54 69 198 65 38 21 163 135 29 136 102 13 147 160 143 133 38 165 191 168 51 138 164 138 74 124 50 159 18 146 18 158 153 131 44 160 149 24 31 74 109 120 90 114 110 15 105 10 90 23 188 136 122 34 80 169 100 65 194 148 42 192 152 21 99 191 100 115 23 120 107 62 175 142 51 59 120 79 145 70 192 65 173 129 89 22 79 73 69 
29 25 159 156 193 185 177 163 47 86 72 176 102 10 95 29 42 50 192 167 94 58 65 112 165 51 164 55 128 87 84 61 117 107 124 106 144 94 106 165 174 139 22 61 65 200 83 85 46 42 164 189 143 89 100 92 184 104 72 18 28 158 83 20 189 71 144 193 12 13 150 57 27 165 36 26 138 120 54 85 24 112 137 138 180 127 128 29 91 159 27 26 165 156 173 79 95 111 36 86 49 128 83 151 33 161 128 158 64 57 97 173 138 164 17 153 184 62 153 180 77 109 18 66 14 42 151 146 108 29 185 174 186 56 55 75 79 87 167 34 144 63 155 183 167 16 104 65 155 99 180 180 66 61 172 155 180 21 173 175 33 141 91 65 19 43 112 146 43 48 180 62 134 23 138 199 185 85 83 92 40 75 123 180 97 94 64 95 143 195 84 60 60 155 102 138 25 159 122 186 
21 79 160 83 93 163 182 170 35 114 36 71 83 20 150 64 173 100 131 64 131 116 195 42 178 11 192 171 112 121 72 48 12 115 130 111 41 50 85 57 53 164 66 164 58 41 145 33 72 79 96 44 77 42 163 66 130 168 146 73 173 172 96 24 193 178 133 191 124 126 25 14 136 99 33 145 92 125 154 19 121 119 52 155 131 183 28 105 68 133 40 96 137 186 111 75 167 135 151 187 45 126 121 100 58 31 25 159 200 153 13 89 146 192 190 197 130 75 193 167 56 61 143 132 101 197 132 25 127 182 136 187 14 135 79 10 167 55 144 62 14 64 67 38 101 147 59 73 61 121 129 181 31 28 17 115 138 104 134 71 30 112 87 57 148 44 169 87 188 104 71 64 29 100 166 67 160 193 42 69 52 161 128 142 83 61 17 57 110 197 128 32 140 120 200 151 150 190 41 19 
51 70 22 132 163 61 125 170 19 184 53 42 84 166 19 156 39 102 181 12 127 181 72 111 14 66 79 73 138 100 108 123 100 47 60 12 127 118 120 166 61 35 68 70 121 65 29 53 155 136 44 26 145 93 121 55 149 24 48 77 29 166 145 194 185 76 185 131 162 17 169 38 55 114 158 68 43 97 75 187 141 144 101 189 180 193 179 106 30 156 190 185 71 17 106 171 151 133 67 53 39 171 71 75 189 50 110 11 200 120 105 61 136 149 189 61 137 132 187 41 19 56 95 193 184 169 47 165 87 50 192 79 25 154 147 59 119 190 114 36 27 173 132 135 164 105 165 83 99 163 96 95 169 62 144 151 187 51 142 26 63 149 123 124 70 88 92 123 168 104 123 198 37 76 25 58 56 30 175 54 135 197 87 190 197 195 16 158 88 190 47 109 70 46 62 89 148 40 81 161 
