param sigma :
    1       2 :=
1   0.00001 0.99999
2   0.1 0.9
3   0.2 0.8
4   0.3 0.7
5   0.4 0.6
6   0.5 0.5
7   0.6 0.4
8   0.7 0.3
9   0.8 0.2
10   0.9 0.1
11   0.99999 0.00001
;

set P := 1 2 3 4 5 6 7 8 9 10 11 12 13 14 15 16 17 18 19 20;
set M := 1 2 3 4 5 6 7 8 9 10;
set O := 1 2 3 4 5 6 7 8 9 10 11 12 13 14 15 16 17 18 19 20;

param cost :=
# p m o cost
1 1 1 50   1 1 2 45   1 1 3 12   1 1 4 11   1 1 5 27
1 1 6 15   1 1 7 44   1 1 8 30   1 1 9 34   1 1 10 16
1 1 11 41   1 1 12 23   1 1 13 16   1 1 14 15   1 1 15 17
1 1 16 16   1 1 17 18   1 1 18 12   1 1 19 6   1 1 20 40
1 2 1 12   1 2 2 5   1 2 3 37   1 2 4 17   1 2 5 46
1 2 6 40   1 2 7 17   1 2 8 14   1 2 9 38   1 2 10 37
1 2 11 27   1 2 12 35   1 2 13 13   1 2 14 48   1 2 15 17
1 2 16 25   1 2 17 35   1 2 18 10   1 2 19 48   1 2 20 10
1 3 1 38   1 3 2 24   1 3 3 33   1 3 4 42   1 3 5 18
1 3 6 32   1 3 7 32   1 3 8 24   1 3 9 40   1 3 10 48
1 3 11 9   1 3 12 25   1 3 13 14   1 3 14 21   1 3 15 14
1 3 16 25   1 3 17 16   1 3 18 41   1 3 19 30   1 3 20 10
1 4 1 32   1 4 2 13   1 4 3 20   1 4 4 15   1 4 5 41
1 4 6 26   1 4 7 15   1 4 8 36   1 4 9 42   1 4 10 40
1 4 11 19   1 4 12 27   1 4 13 47   1 4 14 17   1 4 15 45
1 4 16 46   1 4 17 48   1 4 18 13   1 4 19 36   1 4 20 49
1 5 1 44   1 5 2 20   1 5 3 50   1 5 4 30   1 5 5 22
1 5 6 8   1 5 7 29   1 5 8 32   1 5 9 35   1 5 10 45
1 5 11 34   1 5 12 31   1 5 13 8   1 5 14 9   1 5 15 38
1 5 16 35   1 5 17 28   1 5 18 45   1 5 19 35   1 5 20 36
1 6 1 43   1 6 2 25   1 6 3 10   1 6 4 26   1 6 5 50
1 6 6 14   1 6 7 31   1 6 8 50   1 6 9 12   1 6 10 32
1 6 11 5   1 6 12 17   1 6 13 25   1 6 14 17   1 6 15 9
1 6 16 14   1 6 17 13   1 6 18 15   1 6 19 29   1 6 20 37
1 7 1 19   1 7 2 45   1 7 3 39   1 7 4 8   1 7 5 23
1 7 6 50   1 7 7 17   1 7 8 24   1 7 9 13   1 7 10 28
1 7 11 43   1 7 12 44   1 7 13 33   1 7 14 14   1 7 15 9
1 7 16 47   1 7 17 38   1 7 18 7   1 7 19 27   1 7 20 9
1 8 1 26   1 8 2 14   1 8 3 38   1 8 4 22   1 8 5 22
1 8 6 31   1 8 7 37   1 8 8 21   1 8 9 18   1 8 10 23
1 8 11 34   1 8 12 32   1 8 13 17   1 8 14 50   1 8 15 37
1 8 16 33   1 8 17 31   1 8 18 33   1 8 19 14   1 8 20 24
1 9 1 6   1 9 2 22   1 9 3 6   1 9 4 30   1 9 5 8
1 9 6 31   1 9 7 15   1 9 8 24   1 9 9 34   1 9 10 9
1 9 11 28   1 9 12 17   1 9 13 19   1 9 14 17   1 9 15 23
1 9 16 19   1 9 17 40   1 9 18 44   1 9 19 47   1 9 20 8
1 10 1 24   1 10 2 10   1 10 3 46   1 10 4 33   1 10 5 34
1 10 6 50   1 10 7 23   1 10 8 38   1 10 9 20   1 10 10 22
1 10 11 13   1 10 12 19   1 10 13 38   1 10 14 22   1 10 15 34
1 10 16 32   1 10 17 35   1 10 18 28   1 10 19 25   1 10 20 19
2 1 1 5   2 1 2 14   2 1 3 30   2 1 4 26   2 1 5 38
2 1 6 5   2 1 7 41   2 1 8 5   2 1 9 19   2 1 10 46
2 1 11 32   2 1 12 22   2 1 13 11   2 1 14 26   2 1 15 19
2 1 16 28   2 1 17 33   2 1 18 9   2 1 19 32   2 1 20 27
2 2 1 7   2 2 2 50   2 2 3 8   2 2 4 45   2 2 5 20
2 2 6 11   2 2 7 43   2 2 8 29   2 2 9 49   2 2 10 17
2 2 11 33   2 2 12 31   2 2 13 30   2 2 14 9   2 2 15 25
2 2 16 31   2 2 17 39   2 2 18 7   2 2 19 7   2 2 20 17
2 3 1 17   2 3 2 45   2 3 3 24   2 3 4 21   2 3 5 30
2 3 6 39   2 3 7 6   2 3 8 5   2 3 9 19   2 3 10 20
2 3 11 38   2 3 12 36   2 3 13 30   2 3 14 28   2 3 15 20
2 3 16 12   2 3 17 15   2 3 18 15   2 3 19 34   2 3 20 19
2 4 1 24   2 4 2 42   2 4 3 30   2 4 4 50   2 4 5 18
2 4 6 45   2 4 7 44   2 4 8 43   2 4 9 15   2 4 10 35
2 4 11 47   2 4 12 19   2 4 13 34   2 4 14 44   2 4 15 8
2 4 16 13   2 4 17 47   2 4 18 26   2 4 19 28   2 4 20 43
2 5 1 25   2 5 2 5   2 5 3 24   2 5 4 16   2 5 5 12
2 5 6 23   2 5 7 13   2 5 8 21   2 5 9 10   2 5 10 20
2 5 11 15   2 5 12 26   2 5 13 11   2 5 14 22   2 5 15 44
2 5 16 14   2 5 17 21   2 5 18 18   2 5 19 36   2 5 20 37
2 6 1 25   2 6 2 33   2 6 3 5   2 6 4 27   2 6 5 8
2 6 6 10   2 6 7 31   2 6 8 49   2 6 9 12   2 6 10 48
2 6 11 14   2 6 12 18   2 6 13 20   2 6 14 10   2 6 15 40
2 6 16 43   2 6 17 17   2 6 18 45   2 6 19 46   2 6 20 30
2 7 1 15   2 7 2 9   2 7 3 48   2 7 4 6   2 7 5 8
2 7 6 48   2 7 7 45   2 7 8 44   2 7 9 44   2 7 10 8
2 7 11 37   2 7 12 40   2 7 13 18   2 7 14 42   2 7 15 8
2 7 16 9   2 7 17 27   2 7 18 28   2 7 19 22   2 7 20 24
2 8 1 25   2 8 2 12   2 8 3 9   2 8 4 14   2 8 5 47
2 8 6 5   2 8 7 40   2 8 8 32   2 8 9 18   2 8 10 15
2 8 11 22   2 8 12 46   2 8 13 6   2 8 14 25   2 8 15 26
2 8 16 23   2 8 17 46   2 8 18 7   2 8 19 37   2 8 20 13
2 9 1 21   2 9 2 30   2 9 3 32   2 9 4 22   2 9 5 38
2 9 6 34   2 9 7 25   2 9 8 47   2 9 9 31   2 9 10 16
2 9 11 11   2 9 12 45   2 9 13 36   2 9 14 35   2 9 15 38
2 9 16 28   2 9 17 47   2 9 18 18   2 9 19 31   2 9 20 47
2 10 1 34   2 10 2 13   2 10 3 40   2 10 4 50   2 10 5 11
2 10 6 28   2 10 7 15   2 10 8 17   2 10 9 48   2 10 10 31
2 10 11 27   2 10 12 23   2 10 13 25   2 10 14 45   2 10 15 38
2 10 16 11   2 10 17 20   2 10 18 18   2 10 19 35   2 10 20 28
3 1 1 18   3 1 2 35   3 1 3 47   3 1 4 50   3 1 5 33
3 1 6 36   3 1 7 24   3 1 8 12   3 1 9 49   3 1 10 50
3 1 11 11   3 1 12 7   3 1 13 38   3 1 14 6   3 1 15 27
3 1 16 16   3 1 17 11   3 1 18 28   3 1 19 21   3 1 20 32
3 2 1 25   3 2 2 18   3 2 3 31   3 2 4 18   3 2 5 13
3 2 6 44   3 2 7 24   3 2 8 47   3 2 9 13   3 2 10 22
3 2 11 34   3 2 12 38   3 2 13 31   3 2 14 16   3 2 15 39
3 2 16 16   3 2 17 34   3 2 18 9   3 2 19 42   3 2 20 15
3 3 1 11   3 3 2 12   3 3 3 42   3 3 4 22   3 3 5 37
3 3 6 14   3 3 7 25   3 3 8 15   3 3 9 7   3 3 10 41
3 3 11 25   3 3 12 27   3 3 13 31   3 3 14 7   3 3 15 45
3 3 16 10   3 3 17 37   3 3 18 47   3 3 19 41   3 3 20 34
3 4 1 24   3 4 2 37   3 4 3 49   3 4 4 10   3 4 5 30
3 4 6 27   3 4 7 35   3 4 8 13   3 4 9 40   3 4 10 28
3 4 11 47   3 4 12 9   3 4 13 42   3 4 14 35   3 4 15 31
3 4 16 43   3 4 17 50   3 4 18 36   3 4 19 41   3 4 20 42
3 5 1 22   3 5 2 43   3 5 3 6   3 5 4 32   3 5 5 5
3 5 6 31   3 5 7 17   3 5 8 12   3 5 9 29   3 5 10 27
3 5 11 28   3 5 12 9   3 5 13 27   3 5 14 33   3 5 15 33
3 5 16 41   3 5 17 8   3 5 18 24   3 5 19 31   3 5 20 16
3 6 1 9   3 6 2 31   3 6 3 11   3 6 4 16   3 6 5 15
3 6 6 23   3 6 7 34   3 6 8 15   3 6 9 14   3 6 10 30
3 6 11 28   3 6 12 8   3 6 13 35   3 6 14 34   3 6 15 22
3 6 16 42   3 6 17 6   3 6 18 23   3 6 19 46   3 6 20 24
3 7 1 10   3 7 2 17   3 7 3 41   3 7 4 6   3 7 5 21
3 7 6 48   3 7 7 34   3 7 8 21   3 7 9 31   3 7 10 50
3 7 11 44   3 7 12 31   3 7 13 21   3 7 14 26   3 7 15 43
3 7 16 40   3 7 17 12   3 7 18 18   3 7 19 5   3 7 20 19
3 8 1 42   3 8 2 49   3 8 3 24   3 8 4 22   3 8 5 8
3 8 6 31   3 8 7 47   3 8 8 30   3 8 9 24   3 8 10 32
3 8 11 7   3 8 12 34   3 8 13 39   3 8 14 30   3 8 15 32
3 8 16 33   3 8 17 5   3 8 18 20   3 8 19 31   3 8 20 13
3 9 1 50   3 9 2 6   3 9 3 42   3 9 4 44   3 9 5 36
3 9 6 45   3 9 7 29   3 9 8 29   3 9 9 34   3 9 10 33
3 9 11 27   3 9 12 10   3 9 13 17   3 9 14 9   3 9 15 44
3 9 16 26   3 9 17 34   3 9 18 18   3 9 19 22   3 9 20 44
3 10 1 8   3 10 2 21   3 10 3 27   3 10 4 32   3 10 5 11
3 10 6 39   3 10 7 33   3 10 8 41   3 10 9 27   3 10 10 36
3 10 11 35   3 10 12 12   3 10 13 22   3 10 14 47   3 10 15 24
3 10 16 28   3 10 17 16   3 10 18 9   3 10 19 22   3 10 20 18
4 1 1 49   4 1 2 13   4 1 3 9   4 1 4 34   4 1 5 7
4 1 6 8   4 1 7 46   4 1 8 6   4 1 9 41   4 1 10 14
4 1 11 41   4 1 12 35   4 1 13 7   4 1 14 34   4 1 15 38
4 1 16 9   4 1 17 29   4 1 18 39   4 1 19 28   4 1 20 5
4 2 1 11   4 2 2 36   4 2 3 5   4 2 4 20   4 2 5 16
4 2 6 8   4 2 7 6   4 2 8 19   4 2 9 9   4 2 10 9
4 2 11 17   4 2 12 6   4 2 13 29   4 2 14 49   4 2 15 10
4 2 16 41   4 2 17 11   4 2 18 42   4 2 19 35   4 2 20 10
4 3 1 28   4 3 2 17   4 3 3 50   4 3 4 9   4 3 5 39
4 3 6 40   4 3 7 18   4 3 8 6   4 3 9 14   4 3 10 42
4 3 11 6   4 3 12 12   4 3 13 10   4 3 14 15   4 3 15 31
4 3 16 25   4 3 17 31   4 3 18 38   4 3 19 44   4 3 20 6
4 4 1 26   4 4 2 8   4 4 3 6   4 4 4 24   4 4 5 34
4 4 6 30   4 4 7 46   4 4 8 23   4 4 9 32   4 4 10 45
4 4 11 40   4 4 12 48   4 4 13 8   4 4 14 39   4 4 15 17
4 4 16 23   4 4 17 38   4 4 18 13   4 4 19 18   4 4 20 41
4 5 1 48   4 5 2 15   4 5 3 50   4 5 4 35   4 5 5 41
4 5 6 36   4 5 7 33   4 5 8 40   4 5 9 35   4 5 10 26
4 5 11 43   4 5 12 37   4 5 13 48   4 5 14 27   4 5 15 36
4 5 16 41   4 5 17 28   4 5 18 26   4 5 19 37   4 5 20 39
4 6 1 43   4 6 2 23   4 6 3 8   4 6 4 8   4 6 5 33
4 6 6 9   4 6 7 48   4 6 8 13   4 6 9 10   4 6 10 45
4 6 11 29   4 6 12 11   4 6 13 29   4 6 14 38   4 6 15 33
4 6 16 16   4 6 17 41   4 6 18 16   4 6 19 34   4 6 20 29
4 7 1 33   4 7 2 36   4 7 3 22   4 7 4 37   4 7 5 42
4 7 6 30   4 7 7 38   4 7 8 48   4 7 9 21   4 7 10 30
4 7 11 16   4 7 12 9   4 7 13 42   4 7 14 26   4 7 15 18
4 7 16 15   4 7 17 5   4 7 18 35   4 7 19 46   4 7 20 12
4 8 1 48   4 8 2 12   4 8 3 39   4 8 4 47   4 8 5 35
4 8 6 41   4 8 7 7   4 8 8 20   4 8 9 12   4 8 10 22
4 8 11 43   4 8 12 20   4 8 13 36   4 8 14 5   4 8 15 21
4 8 16 37   4 8 17 25   4 8 18 36   4 8 19 34   4 8 20 25
4 9 1 11   4 9 2 38   4 9 3 40   4 9 4 11   4 9 5 16
4 9 6 8   4 9 7 41   4 9 8 9   4 9 9 21   4 9 10 37
4 9 11 36   4 9 12 18   4 9 13 5   4 9 14 28   4 9 15 6
4 9 16 19   4 9 17 23   4 9 18 22   4 9 19 40   4 9 20 15
4 10 1 31   4 10 2 38   4 10 3 33   4 10 4 10   4 10 5 44
4 10 6 36   4 10 7 7   4 10 8 20   4 10 9 41   4 10 10 15
4 10 11 49   4 10 12 28   4 10 13 36   4 10 14 31   4 10 15 44
4 10 16 38   4 10 17 46   4 10 18 33   4 10 19 23   4 10 20 12
5 1 1 33   5 1 2 22   5 1 3 8   5 1 4 35   5 1 5 49
5 1 6 21   5 1 7 32   5 1 8 30   5 1 9 20   5 1 10 33
5 1 11 9   5 1 12 28   5 1 13 40   5 1 14 34   5 1 15 19
5 1 16 48   5 1 17 47   5 1 18 25   5 1 19 49   5 1 20 34
5 2 1 46   5 2 2 45   5 2 3 40   5 2 4 28   5 2 5 18
5 2 6 23   5 2 7 19   5 2 8 42   5 2 9 46   5 2 10 40
5 2 11 38   5 2 12 24   5 2 13 27   5 2 14 10   5 2 15 43
5 2 16 17   5 2 17 6   5 2 18 41   5 2 19 20   5 2 20 7
5 3 1 34   5 3 2 42   5 3 3 7   5 3 4 48   5 3 5 17
5 3 6 30   5 3 7 45   5 3 8 38   5 3 9 48   5 3 10 33
5 3 11 37   5 3 12 6   5 3 13 37   5 3 14 17   5 3 15 15
5 3 16 24   5 3 17 48   5 3 18 14   5 3 19 12   5 3 20 38
5 4 1 50   5 4 2 48   5 4 3 35   5 4 4 13   5 4 5 28
5 4 6 18   5 4 7 22   5 4 8 35   5 4 9 11   5 4 10 16
5 4 11 13   5 4 12 44   5 4 13 43   5 4 14 18   5 4 15 38
5 4 16 42   5 4 17 16   5 4 18 22   5 4 19 32   5 4 20 15
5 5 1 26   5 5 2 21   5 5 3 33   5 5 4 41   5 5 5 18
5 5 6 48   5 5 7 48   5 5 8 21   5 5 9 44   5 5 10 35
5 5 11 43   5 5 12 23   5 5 13 29   5 5 14 8   5 5 15 45
5 5 16 20   5 5 17 24   5 5 18 44   5 5 19 8   5 5 20 6
5 6 1 46   5 6 2 45   5 6 3 10   5 6 4 25   5 6 5 27
5 6 6 49   5 6 7 49   5 6 8 46   5 6 9 5   5 6 10 27
5 6 11 10   5 6 12 17   5 6 13 28   5 6 14 15   5 6 15 28
5 6 16 17   5 6 17 14   5 6 18 17   5 6 19 25   5 6 20 45
5 7 1 36   5 7 2 20   5 7 3 5   5 7 4 38   5 7 5 30
5 7 6 13   5 7 7 29   5 7 8 24   5 7 9 18   5 7 10 20
5 7 11 21   5 7 12 27   5 7 13 44   5 7 14 31   5 7 15 14
5 7 16 39   5 7 17 31   5 7 18 20   5 7 19 30   5 7 20 10
5 8 1 10   5 8 2 27   5 8 3 21   5 8 4 44   5 8 5 23
5 8 6 40   5 8 7 20   5 8 8 7   5 8 9 16   5 8 10 36
5 8 11 15   5 8 12 29   5 8 13 32   5 8 14 11   5 8 15 30
5 8 16 31   5 8 17 36   5 8 18 36   5 8 19 10   5 8 20 33
5 9 1 41   5 9 2 13   5 9 3 8   5 9 4 37   5 9 5 7
5 9 6 42   5 9 7 14   5 9 8 50   5 9 9 27   5 9 10 50
5 9 11 35   5 9 12 12   5 9 13 12   5 9 14 48   5 9 15 11
5 9 16 29   5 9 17 46   5 9 18 16   5 9 19 37   5 9 20 45
5 10 1 38   5 10 2 25   5 10 3 13   5 10 4 31   5 10 5 33
5 10 6 6   5 10 7 7   5 10 8 30   5 10 9 11   5 10 10 23
5 10 11 43   5 10 12 29   5 10 13 42   5 10 14 37   5 10 15 50
5 10 16 17   5 10 17 21   5 10 18 25   5 10 19 39   5 10 20 27
6 1 1 33   6 1 2 16   6 1 3 13   6 1 4 30   6 1 5 37
6 1 6 16   6 1 7 32   6 1 8 34   6 1 9 47   6 1 10 46
6 1 11 49   6 1 12 40   6 1 13 46   6 1 14 29   6 1 15 47
6 1 16 44   6 1 17 24   6 1 18 39   6 1 19 26   6 1 20 28
6 2 1 30   6 2 2 24   6 2 3 49   6 2 4 33   6 2 5 32
6 2 6 28   6 2 7 25   6 2 8 8   6 2 9 6   6 2 10 44
6 2 11 5   6 2 12 38   6 2 13 48   6 2 14 49   6 2 15 21
6 2 16 20   6 2 17 20   6 2 18 32   6 2 19 23   6 2 20 23
6 3 1 27   6 3 2 5   6 3 3 23   6 3 4 41   6 3 5 6
6 3 6 7   6 3 7 43   6 3 8 33   6 3 9 26   6 3 10 8
6 3 11 16   6 3 12 14   6 3 13 7   6 3 14 11   6 3 15 29
6 3 16 37   6 3 17 38   6 3 18 37   6 3 19 40   6 3 20 47
6 4 1 22   6 4 2 6   6 4 3 47   6 4 4 11   6 4 5 48
6 4 6 22   6 4 7 24   6 4 8 15   6 4 9 5   6 4 10 15
6 4 11 6   6 4 12 38   6 4 13 24   6 4 14 16   6 4 15 26
6 4 16 15   6 4 17 39   6 4 18 36   6 4 19 36   6 4 20 17
6 5 1 31   6 5 2 20   6 5 3 16   6 5 4 31   6 5 5 49
6 5 6 35   6 5 7 27   6 5 8 12   6 5 9 38   6 5 10 19
6 5 11 15   6 5 12 9   6 5 13 11   6 5 14 15   6 5 15 8
6 5 16 18   6 5 17 10   6 5 18 37   6 5 19 50   6 5 20 29
6 6 1 49   6 6 2 18   6 6 3 5   6 6 4 26   6 6 5 8
6 6 6 16   6 6 7 39   6 6 8 31   6 6 9 17   6 6 10 12
6 6 11 25   6 6 12 5   6 6 13 42   6 6 14 5   6 6 15 10
6 6 16 8   6 6 17 33   6 6 18 27   6 6 19 26   6 6 20 38
6 7 1 30   6 7 2 29   6 7 3 5   6 7 4 30   6 7 5 47
6 7 6 33   6 7 7 13   6 7 8 9   6 7 9 34   6 7 10 8
6 7 11 33   6 7 12 15   6 7 13 5   6 7 14 23   6 7 15 40
6 7 16 10   6 7 17 10   6 7 18 7   6 7 19 48   6 7 20 16
6 8 1 43   6 8 2 19   6 8 3 28   6 8 4 36   6 8 5 45
6 8 6 14   6 8 7 24   6 8 8 11   6 8 9 34   6 8 10 46
6 8 11 34   6 8 12 6   6 8 13 19   6 8 14 28   6 8 15 39
6 8 16 42   6 8 17 48   6 8 18 28   6 8 19 12   6 8 20 32
6 9 1 39   6 9 2 37   6 9 3 11   6 9 4 28   6 9 5 49
6 9 6 11   6 9 7 6   6 9 8 7   6 9 9 9   6 9 10 33
6 9 11 46   6 9 12 48   6 9 13 19   6 9 14 30   6 9 15 32
6 9 16 22   6 9 17 27   6 9 18 46   6 9 19 41   6 9 20 45
6 10 1 20   6 10 2 31   6 10 3 40   6 10 4 15   6 10 5 11
6 10 6 30   6 10 7 6   6 10 8 44   6 10 9 47   6 10 10 17
6 10 11 30   6 10 12 32   6 10 13 7   6 10 14 19   6 10 15 17
6 10 16 39   6 10 17 39   6 10 18 43   6 10 19 30   6 10 20 10
7 1 1 26   7 1 2 8   7 1 3 34   7 1 4 49   7 1 5 45
7 1 6 8   7 1 7 6   7 1 8 31   7 1 9 49   7 1 10 21
7 1 11 49   7 1 12 9   7 1 13 13   7 1 14 28   7 1 15 43
7 1 16 48   7 1 17 19   7 1 18 21   7 1 19 20   7 1 20 48
7 2 1 36   7 2 2 11   7 2 3 27   7 2 4 35   7 2 5 7
7 2 6 15   7 2 7 43   7 2 8 16   7 2 9 40   7 2 10 7
7 2 11 46   7 2 12 32   7 2 13 14   7 2 14 23   7 2 15 42
7 2 16 27   7 2 17 36   7 2 18 13   7 2 19 5   7 2 20 36
7 3 1 42   7 3 2 16   7 3 3 37   7 3 4 36   7 3 5 27
7 3 6 5   7 3 7 39   7 3 8 46   7 3 9 30   7 3 10 26
7 3 11 20   7 3 12 32   7 3 13 44   7 3 14 9   7 3 15 25
7 3 16 20   7 3 17 22   7 3 18 20   7 3 19 31   7 3 20 25
7 4 1 46   7 4 2 22   7 4 3 26   7 4 4 22   7 4 5 16
7 4 6 28   7 4 7 20   7 4 8 24   7 4 9 16   7 4 10 40
7 4 11 5   7 4 12 18   7 4 13 36   7 4 14 29   7 4 15 33
7 4 16 23   7 4 17 15   7 4 18 15   7 4 19 41   7 4 20 41
7 5 1 43   7 5 2 28   7 5 3 24   7 5 4 48   7 5 5 11
7 5 6 43   7 5 7 34   7 5 8 49   7 5 9 50   7 5 10 12
7 5 11 24   7 5 12 22   7 5 13 24   7 5 14 48   7 5 15 37
7 5 16 36   7 5 17 27   7 5 18 43   7 5 19 41   7 5 20 34
7 6 1 13   7 6 2 39   7 6 3 48   7 6 4 37   7 6 5 32
7 6 6 5   7 6 7 7   7 6 8 45   7 6 9 23   7 6 10 37
7 6 11 49   7 6 12 8   7 6 13 38   7 6 14 20   7 6 15 39
7 6 16 23   7 6 17 21   7 6 18 50   7 6 19 30   7 6 20 28
7 7 1 35   7 7 2 17   7 7 3 12   7 7 4 19   7 7 5 39
7 7 6 36   7 7 7 45   7 7 8 33   7 7 9 21   7 7 10 41
7 7 11 14   7 7 12 10   7 7 13 26   7 7 14 29   7 7 15 27
7 7 16 15   7 7 17 37   7 7 18 40   7 7 19 11   7 7 20 11
7 8 1 49   7 8 2 26   7 8 3 49   7 8 4 41   7 8 5 22
7 8 6 19   7 8 7 24   7 8 8 29   7 8 9 16   7 8 10 27
7 8 11 31   7 8 12 28   7 8 13 34   7 8 14 21   7 8 15 18
7 8 16 7   7 8 17 46   7 8 18 47   7 8 19 42   7 8 20 19
7 9 1 45   7 9 2 14   7 9 3 18   7 9 4 20   7 9 5 26
7 9 6 20   7 9 7 19   7 9 8 29   7 9 9 28   7 9 10 32
7 9 11 35   7 9 12 50   7 9 13 31   7 9 14 28   7 9 15 41
7 9 16 50   7 9 17 16   7 9 18 47   7 9 19 39   7 9 20 33
7 10 1 42   7 10 2 43   7 10 3 16   7 10 4 33   7 10 5 29
7 10 6 21   7 10 7 26   7 10 8 47   7 10 9 31   7 10 10 40
7 10 11 42   7 10 12 34   7 10 13 9   7 10 14 30   7 10 15 13
7 10 16 36   7 10 17 40   7 10 18 25   7 10 19 26   7 10 20 22
8 1 1 42   8 1 2 44   8 1 3 30   8 1 4 28   8 1 5 18
8 1 6 50   8 1 7 10   8 1 8 18   8 1 9 28   8 1 10 18
8 1 11 44   8 1 12 25   8 1 13 12   8 1 14 5   8 1 15 44
8 1 16 14   8 1 17 35   8 1 18 12   8 1 19 32   8 1 20 40
8 2 1 48   8 2 2 28   8 2 3 16   8 2 4 22   8 2 5 36
8 2 6 34   8 2 7 27   8 2 8 46   8 2 9 45   8 2 10 18
8 2 11 46   8 2 12 5   8 2 13 6   8 2 14 14   8 2 15 44
8 2 16 44   8 2 17 44   8 2 18 38   8 2 19 9   8 2 20 37
8 3 1 31   8 3 2 33   8 3 3 36   8 3 4 32   8 3 5 15
8 3 6 29   8 3 7 30   8 3 8 50   8 3 9 22   8 3 10 40
8 3 11 29   8 3 12 10   8 3 13 44   8 3 14 18   8 3 15 16
8 3 16 20   8 3 17 11   8 3 18 15   8 3 19 11   8 3 20 40
8 4 1 8   8 4 2 38   8 4 3 34   8 4 4 23   8 4 5 47
8 4 6 9   8 4 7 24   8 4 8 20   8 4 9 25   8 4 10 16
8 4 11 38   8 4 12 29   8 4 13 40   8 4 14 14   8 4 15 40
8 4 16 33   8 4 17 14   8 4 18 16   8 4 19 29   8 4 20 48
8 5 1 24   8 5 2 46   8 5 3 19   8 5 4 13   8 5 5 43
8 5 6 26   8 5 7 21   8 5 8 11   8 5 9 19   8 5 10 25
8 5 11 26   8 5 12 37   8 5 13 12   8 5 14 43   8 5 15 13
8 5 16 37   8 5 17 43   8 5 18 18   8 5 19 17   8 5 20 12
8 6 1 47   8 6 2 20   8 6 3 43   8 6 4 31   8 6 5 19
8 6 6 15   8 6 7 49   8 6 8 43   8 6 9 48   8 6 10 35
8 6 11 15   8 6 12 30   8 6 13 45   8 6 14 48   8 6 15 6
8 6 16 23   8 6 17 41   8 6 18 34   8 6 19 34   8 6 20 37
8 7 1 6   8 7 2 8   8 7 3 26   8 7 4 7   8 7 5 48
8 7 6 27   8 7 7 40   8 7 8 50   8 7 9 31   8 7 10 50
8 7 11 5   8 7 12 23   8 7 13 12   8 7 14 39   8 7 15 48
8 7 16 6   8 7 17 40   8 7 18 17   8 7 19 6   8 7 20 44
8 8 1 35   8 8 2 42   8 8 3 41   8 8 4 14   8 8 5 41
8 8 6 36   8 8 7 40   8 8 8 43   8 8 9 15   8 8 10 40
8 8 11 38   8 8 12 17   8 8 13 33   8 8 14 35   8 8 15 15
8 8 16 41   8 8 17 14   8 8 18 34   8 8 19 5   8 8 20 9
8 9 1 34   8 9 2 38   8 9 3 37   8 9 4 17   8 9 5 30
8 9 6 19   8 9 7 11   8 9 8 49   8 9 9 41   8 9 10 15
8 9 11 21   8 9 12 38   8 9 13 37   8 9 14 35   8 9 15 29
8 9 16 31   8 9 17 46   8 9 18 36   8 9 19 36   8 9 20 35
8 10 1 26   8 10 2 37   8 10 3 22   8 10 4 35   8 10 5 26
8 10 6 26   8 10 7 48   8 10 8 35   8 10 9 16   8 10 10 29
8 10 11 15   8 10 12 16   8 10 13 23   8 10 14 16   8 10 15 45
8 10 16 18   8 10 17 21   8 10 18 33   8 10 19 31   8 10 20 24
9 1 1 19   9 1 2 39   9 1 3 23   9 1 4 25   9 1 5 12
9 1 6 34   9 1 7 12   9 1 8 44   9 1 9 50   9 1 10 16
9 1 11 29   9 1 12 39   9 1 13 31   9 1 14 28   9 1 15 10
9 1 16 22   9 1 17 21   9 1 18 29   9 1 19 26   9 1 20 45
9 2 1 33   9 2 2 38   9 2 3 44   9 2 4 24   9 2 5 37
9 2 6 29   9 2 7 37   9 2 8 43   9 2 9 43   9 2 10 27
9 2 11 12   9 2 12 48   9 2 13 33   9 2 14 15   9 2 15 11
9 2 16 45   9 2 17 19   9 2 18 10   9 2 19 37   9 2 20 19
9 3 1 24   9 3 2 19   9 3 3 23   9 3 4 8   9 3 5 47
9 3 6 25   9 3 7 27   9 3 8 41   9 3 9 33   9 3 10 48
9 3 11 27   9 3 12 17   9 3 13 6   9 3 14 21   9 3 15 40
9 3 16 45   9 3 17 11   9 3 18 47   9 3 19 12   9 3 20 35
9 4 1 33   9 4 2 8   9 4 3 37   9 4 4 43   9 4 5 25
9 4 6 49   9 4 7 15   9 4 8 14   9 4 9 36   9 4 10 38
9 4 11 28   9 4 12 23   9 4 13 24   9 4 14 38   9 4 15 18
9 4 16 28   9 4 17 43   9 4 18 39   9 4 19 5   9 4 20 38
9 5 1 8   9 5 2 28   9 5 3 16   9 5 4 17   9 5 5 31
9 5 6 15   9 5 7 37   9 5 8 40   9 5 9 32   9 5 10 18
9 5 11 36   9 5 12 47   9 5 13 24   9 5 14 29   9 5 15 22
9 5 16 32   9 5 17 9   9 5 18 30   9 5 19 41   9 5 20 46
9 6 1 28   9 6 2 15   9 6 3 38   9 6 4 5   9 6 5 32
9 6 6 6   9 6 7 16   9 6 8 8   9 6 9 42   9 6 10 16
9 6 11 18   9 6 12 29   9 6 13 15   9 6 14 5   9 6 15 15
9 6 16 45   9 6 17 6   9 6 18 49   9 6 19 12   9 6 20 48
9 7 1 29   9 7 2 20   9 7 3 10   9 7 4 15   9 7 5 11
9 7 6 11   9 7 7 19   9 7 8 13   9 7 9 37   9 7 10 46
9 7 11 20   9 7 12 47   9 7 13 42   9 7 14 31   9 7 15 42
9 7 16 21   9 7 17 49   9 7 18 10   9 7 19 36   9 7 20 14
9 8 1 16   9 8 2 42   9 8 3 47   9 8 4 38   9 8 5 40
9 8 6 20   9 8 7 47   9 8 8 41   9 8 9 48   9 8 10 16
9 8 11 25   9 8 12 29   9 8 13 11   9 8 14 50   9 8 15 34
9 8 16 14   9 8 17 28   9 8 18 41   9 8 19 7   9 8 20 17
9 9 1 47   9 9 2 16   9 9 3 26   9 9 4 15   9 9 5 39
9 9 6 37   9 9 7 41   9 9 8 37   9 9 9 35   9 9 10 43
9 9 11 21   9 9 12 35   9 9 13 5   9 9 14 20   9 9 15 19
9 9 16 46   9 9 17 39   9 9 18 40   9 9 19 10   9 9 20 8
9 10 1 13   9 10 2 46   9 10 3 49   9 10 4 11   9 10 5 50
9 10 6 17   9 10 7 17   9 10 8 13   9 10 9 50   9 10 10 49
9 10 11 49   9 10 12 45   9 10 13 11   9 10 14 47   9 10 15 14
9 10 16 23   9 10 17 28   9 10 18 23   9 10 19 29   9 10 20 30
10 1 1 32   10 1 2 25   10 1 3 10   10 1 4 29   10 1 5 47
10 1 6 15   10 1 7 14   10 1 8 16   10 1 9 20   10 1 10 7
10 1 11 17   10 1 12 40   10 1 13 15   10 1 14 6   10 1 15 37
10 1 16 22   10 1 17 42   10 1 18 13   10 1 19 20   10 1 20 20
10 2 1 5   10 2 2 22   10 2 3 42   10 2 4 28   10 2 5 18
10 2 6 33   10 2 7 20   10 2 8 37   10 2 9 8   10 2 10 24
10 2 11 14   10 2 12 40   10 2 13 10   10 2 14 24   10 2 15 42
10 2 16 17   10 2 17 46   10 2 18 18   10 2 19 12   10 2 20 5
10 3 1 42   10 3 2 20   10 3 3 16   10 3 4 27   10 3 5 42
10 3 6 36   10 3 7 16   10 3 8 6   10 3 9 45   10 3 10 21
10 3 11 18   10 3 12 22   10 3 13 32   10 3 14 9   10 3 15 8
10 3 16 46   10 3 17 47   10 3 18 50   10 3 19 43   10 3 20 28
10 4 1 48   10 4 2 46   10 4 3 5   10 4 4 34   10 4 5 39
10 4 6 26   10 4 7 50   10 4 8 13   10 4 9 42   10 4 10 27
10 4 11 13   10 4 12 21   10 4 13 24   10 4 14 49   10 4 15 21
10 4 16 8   10 4 17 30   10 4 18 20   10 4 19 46   10 4 20 45
10 5 1 18   10 5 2 41   10 5 3 16   10 5 4 22   10 5 5 19
10 5 6 37   10 5 7 47   10 5 8 46   10 5 9 22   10 5 10 13
10 5 11 21   10 5 12 9   10 5 13 29   10 5 14 19   10 5 15 5
10 5 16 16   10 5 17 45   10 5 18 37   10 5 19 23   10 5 20 14
10 6 1 42   10 6 2 39   10 6 3 9   10 6 4 43   10 6 5 6
10 6 6 23   10 6 7 10   10 6 8 48   10 6 9 39   10 6 10 39
10 6 11 26   10 6 12 25   10 6 13 40   10 6 14 46   10 6 15 11
10 6 16 28   10 6 17 24   10 6 18 38   10 6 19 20   10 6 20 32
10 7 1 33   10 7 2 48   10 7 3 48   10 7 4 42   10 7 5 34
10 7 6 5   10 7 7 24   10 7 8 25   10 7 9 9   10 7 10 11
10 7 11 11   10 7 12 40   10 7 13 24   10 7 14 45   10 7 15 47
10 7 16 24   10 7 17 15   10 7 18 27   10 7 19 14   10 7 20 34
10 8 1 21   10 8 2 24   10 8 3 44   10 8 4 19   10 8 5 33
10 8 6 48   10 8 7 24   10 8 8 6   10 8 9 18   10 8 10 17
10 8 11 24   10 8 12 9   10 8 13 19   10 8 14 21   10 8 15 6
10 8 16 48   10 8 17 50   10 8 18 50   10 8 19 44   10 8 20 5
10 9 1 19   10 9 2 39   10 9 3 43   10 9 4 36   10 9 5 12
10 9 6 44   10 9 7 34   10 9 8 28   10 9 9 39   10 9 10 35
10 9 11 40   10 9 12 46   10 9 13 8   10 9 14 21   10 9 15 15
10 9 16 39   10 9 17 11   10 9 18 21   10 9 19 45   10 9 20 14
10 10 1 9   10 10 2 28   10 10 3 23   10 10 4 7   10 10 5 22
10 10 6 40   10 10 7 46   10 10 8 27   10 10 9 32   10 10 10 22
10 10 11 6   10 10 12 5   10 10 13 12   10 10 14 18   10 10 15 30
10 10 16 46   10 10 17 13   10 10 18 28   10 10 19 7   10 10 20 36
11 1 1 27   11 1 2 44   11 1 3 39   11 1 4 6   11 1 5 48
11 1 6 41   11 1 7 12   11 1 8 12   11 1 9 14   11 1 10 16
11 1 11 17   11 1 12 30   11 1 13 29   11 1 14 48   11 1 15 48
11 1 16 48   11 1 17 33   11 1 18 37   11 1 19 7   11 1 20 36
11 2 1 33   11 2 2 41   11 2 3 25   11 2 4 17   11 2 5 50
11 2 6 17   11 2 7 50   11 2 8 20   11 2 9 8   11 2 10 8
11 2 11 29   11 2 12 39   11 2 13 46   11 2 14 38   11 2 15 50
11 2 16 18   11 2 17 31   11 2 18 19   11 2 19 45   11 2 20 40
11 3 1 21   11 3 2 19   11 3 3 9   11 3 4 18   11 3 5 50
11 3 6 36   11 3 7 45   11 3 8 25   11 3 9 46   11 3 10 25
11 3 11 30   11 3 12 13   11 3 13 40   11 3 14 9   11 3 15 5
11 3 16 43   11 3 17 50   11 3 18 34   11 3 19 31   11 3 20 28
11 4 1 21   11 4 2 29   11 4 3 22   11 4 4 28   11 4 5 30
11 4 6 48   11 4 7 49   11 4 8 38   11 4 9 22   11 4 10 41
11 4 11 46   11 4 12 8   11 4 13 46   11 4 14 20   11 4 15 28
11 4 16 42   11 4 17 45   11 4 18 45   11 4 19 9   11 4 20 41
11 5 1 50   11 5 2 45   11 5 3 42   11 5 4 46   11 5 5 38
11 5 6 12   11 5 7 43   11 5 8 19   11 5 9 9   11 5 10 32
11 5 11 40   11 5 12 26   11 5 13 28   11 5 14 21   11 5 15 50
11 5 16 27   11 5 17 7   11 5 18 45   11 5 19 28   11 5 20 18
11 6 1 27   11 6 2 44   11 6 3 14   11 6 4 10   11 6 5 14
11 6 6 21   11 6 7 10   11 6 8 13   11 6 9 43   11 6 10 42
11 6 11 9   11 6 12 17   11 6 13 24   11 6 14 46   11 6 15 18
11 6 16 11   11 6 17 30   11 6 18 18   11 6 19 14   11 6 20 11
11 7 1 8   11 7 2 39   11 7 3 21   11 7 4 31   11 7 5 23
11 7 6 39   11 7 7 28   11 7 8 37   11 7 9 43   11 7 10 50
11 7 11 8   11 7 12 30   11 7 13 25   11 7 14 27   11 7 15 37
11 7 16 39   11 7 17 34   11 7 18 5   11 7 19 15   11 7 20 21
11 8 1 24   11 8 2 27   11 8 3 34   11 8 4 37   11 8 5 9
11 8 6 38   11 8 7 29   11 8 8 43   11 8 9 41   11 8 10 28
11 8 11 31   11 8 12 12   11 8 13 7   11 8 14 8   11 8 15 11
11 8 16 29   11 8 17 30   11 8 18 15   11 8 19 27   11 8 20 45
11 9 1 12   11 9 2 7   11 9 3 34   11 9 4 49   11 9 5 26
11 9 6 18   11 9 7 19   11 9 8 13   11 9 9 13   11 9 10 30
11 9 11 24   11 9 12 32   11 9 13 22   11 9 14 27   11 9 15 33
11 9 16 5   11 9 17 40   11 9 18 47   11 9 19 20   11 9 20 10
11 10 1 18   11 10 2 30   11 10 3 41   11 10 4 12   11 10 5 38
11 10 6 35   11 10 7 23   11 10 8 22   11 10 9 34   11 10 10 35
11 10 11 48   11 10 12 38   11 10 13 38   11 10 14 34   11 10 15 11
11 10 16 7   11 10 17 46   11 10 18 33   11 10 19 9   11 10 20 20
12 1 1 27   12 1 2 44   12 1 3 9   12 1 4 33   12 1 5 30
12 1 6 20   12 1 7 32   12 1 8 38   12 1 9 20   12 1 10 10
12 1 11 40   12 1 12 7   12 1 13 50   12 1 14 22   12 1 15 15
12 1 16 27   12 1 17 11   12 1 18 46   12 1 19 17   12 1 20 14
12 2 1 49   12 2 2 39   12 2 3 27   12 2 4 10   12 2 5 46
12 2 6 23   12 2 7 30   12 2 8 33   12 2 9 9   12 2 10 37
12 2 11 49   12 2 12 23   12 2 13 34   12 2 14 11   12 2 15 33
12 2 16 43   12 2 17 36   12 2 18 25   12 2 19 41   12 2 20 40
12 3 1 38   12 3 2 39   12 3 3 50   12 3 4 50   12 3 5 19
12 3 6 19   12 3 7 35   12 3 8 36   12 3 9 29   12 3 10 10
12 3 11 16   12 3 12 35   12 3 13 41   12 3 14 27   12 3 15 12
12 3 16 40   12 3 17 26   12 3 18 21   12 3 19 6   12 3 20 38
12 4 1 42   12 4 2 16   12 4 3 34   12 4 4 38   12 4 5 18
12 4 6 17   12 4 7 16   12 4 8 7   12 4 9 28   12 4 10 17
12 4 11 22   12 4 12 38   12 4 13 20   12 4 14 40   12 4 15 18
12 4 16 13   12 4 17 8   12 4 18 23   12 4 19 20   12 4 20 7
12 5 1 15   12 5 2 23   12 5 3 22   12 5 4 26   12 5 5 11
12 5 6 7   12 5 7 44   12 5 8 32   12 5 9 23   12 5 10 36
12 5 11 50   12 5 12 27   12 5 13 22   12 5 14 36   12 5 15 33
12 5 16 43   12 5 17 42   12 5 18 38   12 5 19 41   12 5 20 32
12 6 1 42   12 6 2 42   12 6 3 11   12 6 4 45   12 6 5 20
12 6 6 49   12 6 7 25   12 6 8 21   12 6 9 35   12 6 10 45
12 6 11 46   12 6 12 8   12 6 13 9   12 6 14 15   12 6 15 42
12 6 16 25   12 6 17 16   12 6 18 38   12 6 19 32   12 6 20 32
12 7 1 15   12 7 2 47   12 7 3 47   12 7 4 43   12 7 5 9
12 7 6 9   12 7 7 49   12 7 8 28   12 7 9 19   12 7 10 10
12 7 11 42   12 7 12 42   12 7 13 39   12 7 14 40   12 7 15 34
12 7 16 36   12 7 17 46   12 7 18 15   12 7 19 34   12 7 20 11
12 8 1 14   12 8 2 22   12 8 3 19   12 8 4 5   12 8 5 47
12 8 6 41   12 8 7 48   12 8 8 15   12 8 9 36   12 8 10 22
12 8 11 33   12 8 12 9   12 8 13 15   12 8 14 50   12 8 15 12
12 8 16 33   12 8 17 35   12 8 18 24   12 8 19 33   12 8 20 40
12 9 1 28   12 9 2 33   12 9 3 10   12 9 4 26   12 9 5 20
12 9 6 34   12 9 7 34   12 9 8 27   12 9 9 40   12 9 10 41
12 9 11 18   12 9 12 21   12 9 13 10   12 9 14 37   12 9 15 7
12 9 16 30   12 9 17 44   12 9 18 34   12 9 19 21   12 9 20 37
12 10 1 37   12 10 2 16   12 10 3 31   12 10 4 25   12 10 5 20
12 10 6 21   12 10 7 8   12 10 8 29   12 10 9 13   12 10 10 12
12 10 11 28   12 10 12 36   12 10 13 41   12 10 14 23   12 10 15 7
12 10 16 48   12 10 17 11   12 10 18 15   12 10 19 22   12 10 20 7
13 1 1 50   13 1 2 8   13 1 3 6   13 1 4 22   13 1 5 48
13 1 6 22   13 1 7 25   13 1 8 47   13 1 9 26   13 1 10 29
13 1 11 20   13 1 12 16   13 1 13 15   13 1 14 26   13 1 15 10
13 1 16 6   13 1 17 18   13 1 18 39   13 1 19 8   13 1 20 47
13 2 1 47   13 2 2 12   13 2 3 7   13 2 4 10   13 2 5 44
13 2 6 39   13 2 7 48   13 2 8 35   13 2 9 14   13 2 10 10
13 2 11 36   13 2 12 15   13 2 13 43   13 2 14 20   13 2 15 11
13 2 16 28   13 2 17 6   13 2 18 46   13 2 19 41   13 2 20 17
13 3 1 31   13 3 2 37   13 3 3 9   13 3 4 42   13 3 5 13
13 3 6 37   13 3 7 20   13 3 8 24   13 3 9 50   13 3 10 36
13 3 11 34   13 3 12 47   13 3 13 28   13 3 14 23   13 3 15 38
13 3 16 47   13 3 17 24   13 3 18 15   13 3 19 25   13 3 20 30
13 4 1 34   13 4 2 46   13 4 3 10   13 4 4 38   13 4 5 33
13 4 6 25   13 4 7 38   13 4 8 13   13 4 9 44   13 4 10 21
13 4 11 42   13 4 12 35   13 4 13 21   13 4 14 27   13 4 15 16
13 4 16 37   13 4 17 50   13 4 18 38   13 4 19 35   13 4 20 49
13 5 1 31   13 5 2 49   13 5 3 18   13 5 4 20   13 5 5 47
13 5 6 32   13 5 7 30   13 5 8 9   13 5 9 45   13 5 10 39
13 5 11 33   13 5 12 39   13 5 13 45   13 5 14 24   13 5 15 41
13 5 16 20   13 5 17 28   13 5 18 43   13 5 19 29   13 5 20 23
13 6 1 18   13 6 2 48   13 6 3 10   13 6 4 28   13 6 5 7
13 6 6 5   13 6 7 24   13 6 8 21   13 6 9 14   13 6 10 12
13 6 11 23   13 6 12 12   13 6 13 32   13 6 14 32   13 6 15 15
13 6 16 24   13 6 17 39   13 6 18 48   13 6 19 31   13 6 20 16
13 7 1 26   13 7 2 33   13 7 3 14   13 7 4 27   13 7 5 39
13 7 6 28   13 7 7 46   13 7 8 7   13 7 9 8   13 7 10 19
13 7 11 6   13 7 12 5   13 7 13 9   13 7 14 34   13 7 15 9
13 7 16 50   13 7 17 41   13 7 18 36   13 7 19 46   13 7 20 10
13 8 1 43   13 8 2 17   13 8 3 35   13 8 4 42   13 8 5 18
13 8 6 35   13 8 7 11   13 8 8 7   13 8 9 38   13 8 10 20
13 8 11 32   13 8 12 41   13 8 13 22   13 8 14 21   13 8 15 20
13 8 16 29   13 8 17 13   13 8 18 45   13 8 19 43   13 8 20 31
13 9 1 34   13 9 2 42   13 9 3 29   13 9 4 37   13 9 5 12
13 9 6 24   13 9 7 38   13 9 8 40   13 9 9 37   13 9 10 14
13 9 11 13   13 9 12 34   13 9 13 7   13 9 14 45   13 9 15 40
13 9 16 10   13 9 17 18   13 9 18 26   13 9 19 44   13 9 20 11
13 10 1 19   13 10 2 28   13 10 3 22   13 10 4 13   13 10 5 25
13 10 6 32   13 10 7 41   13 10 8 13   13 10 9 32   13 10 10 19
13 10 11 31   13 10 12 20   13 10 13 12   13 10 14 16   13 10 15 25
13 10 16 23   13 10 17 42   13 10 18 39   13 10 19 38   13 10 20 33
14 1 1 11   14 1 2 33   14 1 3 47   14 1 4 48   14 1 5 12
14 1 6 18   14 1 7 6   14 1 8 44   14 1 9 37   14 1 10 46
14 1 11 11   14 1 12 32   14 1 13 18   14 1 14 5   14 1 15 45
14 1 16 24   14 1 17 10   14 1 18 14   14 1 19 37   14 1 20 38
14 2 1 21   14 2 2 19   14 2 3 44   14 2 4 21   14 2 5 13
14 2 6 11   14 2 7 32   14 2 8 46   14 2 9 32   14 2 10 13
14 2 11 13   14 2 12 21   14 2 13 9   14 2 14 31   14 2 15 16
14 2 16 8   14 2 17 23   14 2 18 20   14 2 19 32   14 2 20 19
14 3 1 26   14 3 2 22   14 3 3 39   14 3 4 42   14 3 5 19
14 3 6 12   14 3 7 10   14 3 8 26   14 3 9 11   14 3 10 34
14 3 11 5   14 3 12 19   14 3 13 14   14 3 14 12   14 3 15 20
14 3 16 22   14 3 17 36   14 3 18 19   14 3 19 25   14 3 20 47
14 4 1 23   14 4 2 18   14 4 3 17   14 4 4 20   14 4 5 38
14 4 6 11   14 4 7 24   14 4 8 18   14 4 9 5   14 4 10 45
14 4 11 12   14 4 12 48   14 4 13 16   14 4 14 44   14 4 15 34
14 4 16 11   14 4 17 19   14 4 18 41   14 4 19 25   14 4 20 39
14 5 1 11   14 5 2 10   14 5 3 5   14 5 4 24   14 5 5 16
14 5 6 40   14 5 7 25   14 5 8 27   14 5 9 37   14 5 10 47
14 5 11 13   14 5 12 49   14 5 13 40   14 5 14 25   14 5 15 13
14 5 16 36   14 5 17 18   14 5 18 48   14 5 19 15   14 5 20 41
14 6 1 45   14 6 2 39   14 6 3 44   14 6 4 48   14 6 5 21
14 6 6 37   14 6 7 34   14 6 8 28   14 6 9 44   14 6 10 17
14 6 11 47   14 6 12 50   14 6 13 35   14 6 14 36   14 6 15 48
14 6 16 25   14 6 17 16   14 6 18 13   14 6 19 50   14 6 20 34
14 7 1 45   14 7 2 38   14 7 3 6   14 7 4 23   14 7 5 5
14 7 6 30   14 7 7 44   14 7 8 28   14 7 9 23   14 7 10 9
14 7 11 46   14 7 12 26   14 7 13 7   14 7 14 43   14 7 15 5
14 7 16 9   14 7 17 14   14 7 18 29   14 7 19 49   14 7 20 38
14 8 1 23   14 8 2 42   14 8 3 25   14 8 4 49   14 8 5 8
14 8 6 43   14 8 7 48   14 8 8 34   14 8 9 38   14 8 10 11
14 8 11 11   14 8 12 22   14 8 13 25   14 8 14 21   14 8 15 27
14 8 16 49   14 8 17 40   14 8 18 10   14 8 19 5   14 8 20 30
14 9 1 26   14 9 2 29   14 9 3 45   14 9 4 46   14 9 5 32
14 9 6 41   14 9 7 34   14 9 8 39   14 9 9 5   14 9 10 31
14 9 11 43   14 9 12 19   14 9 13 39   14 9 14 43   14 9 15 20
14 9 16 46   14 9 17 50   14 9 18 13   14 9 19 36   14 9 20 25
14 10 1 16   14 10 2 42   14 10 3 34   14 10 4 13   14 10 5 6
14 10 6 23   14 10 7 37   14 10 8 38   14 10 9 19   14 10 10 43
14 10 11 15   14 10 12 27   14 10 13 48   14 10 14 12   14 10 15 41
14 10 16 12   14 10 17 6   14 10 18 35   14 10 19 29   14 10 20 25
15 1 1 20   15 1 2 34   15 1 3 47   15 1 4 39   15 1 5 10
15 1 6 11   15 1 7 22   15 1 8 48   15 1 9 7   15 1 10 31
15 1 11 8   15 1 12 39   15 1 13 44   15 1 14 49   15 1 15 33
15 1 16 31   15 1 17 44   15 1 18 40   15 1 19 30   15 1 20 17
15 2 1 23   15 2 2 15   15 2 3 6   15 2 4 12   15 2 5 26
15 2 6 21   15 2 7 13   15 2 8 7   15 2 9 30   15 2 10 46
15 2 11 33   15 2 12 27   15 2 13 47   15 2 14 49   15 2 15 40
15 2 16 32   15 2 17 37   15 2 18 9   15 2 19 43   15 2 20 20
15 3 1 24   15 3 2 50   15 3 3 20   15 3 4 37   15 3 5 17
15 3 6 36   15 3 7 38   15 3 8 23   15 3 9 8   15 3 10 10
15 3 11 50   15 3 12 46   15 3 13 9   15 3 14 39   15 3 15 39
15 3 16 7   15 3 17 9   15 3 18 18   15 3 19 46   15 3 20 32
15 4 1 29   15 4 2 30   15 4 3 25   15 4 4 44   15 4 5 34
15 4 6 38   15 4 7 16   15 4 8 22   15 4 9 15   15 4 10 39
15 4 11 49   15 4 12 42   15 4 13 47   15 4 14 29   15 4 15 33
15 4 16 10   15 4 17 8   15 4 18 8   15 4 19 13   15 4 20 7
15 5 1 18   15 5 2 13   15 5 3 37   15 5 4 45   15 5 5 31
15 5 6 21   15 5 7 8   15 5 8 7   15 5 9 47   15 5 10 48
15 5 11 10   15 5 12 45   15 5 13 29   15 5 14 39   15 5 15 22
15 5 16 15   15 5 17 18   15 5 18 49   15 5 19 35   15 5 20 27
15 6 1 41   15 6 2 9   15 6 3 8   15 6 4 43   15 6 5 46
15 6 6 12   15 6 7 7   15 6 8 9   15 6 9 7   15 6 10 42
15 6 11 15   15 6 12 14   15 6 13 27   15 6 14 33   15 6 15 9
15 6 16 44   15 6 17 9   15 6 18 36   15 6 19 50   15 6 20 47
15 7 1 11   15 7 2 36   15 7 3 49   15 7 4 49   15 7 5 36
15 7 6 8   15 7 7 21   15 7 8 28   15 7 9 10   15 7 10 29
15 7 11 45   15 7 12 13   15 7 13 49   15 7 14 8   15 7 15 7
15 7 16 23   15 7 17 26   15 7 18 22   15 7 19 30   15 7 20 23
15 8 1 44   15 8 2 15   15 8 3 17   15 8 4 31   15 8 5 42
15 8 6 43   15 8 7 23   15 8 8 26   15 8 9 49   15 8 10 27
15 8 11 19   15 8 12 37   15 8 13 11   15 8 14 29   15 8 15 19
15 8 16 48   15 8 17 45   15 8 18 9   15 8 19 5   15 8 20 41
15 9 1 12   15 9 2 39   15 9 3 49   15 9 4 30   15 9 5 6
15 9 6 31   15 9 7 50   15 9 8 14   15 9 9 33   15 9 10 44
15 9 11 6   15 9 12 38   15 9 13 45   15 9 14 27   15 9 15 45
15 9 16 38   15 9 17 12   15 9 18 47   15 9 19 49   15 9 20 33
15 10 1 45   15 10 2 15   15 10 3 43   15 10 4 44   15 10 5 9
15 10 6 43   15 10 7 49   15 10 8 22   15 10 9 50   15 10 10 23
15 10 11 27   15 10 12 9   15 10 13 19   15 10 14 47   15 10 15 19
15 10 16 17   15 10 17 23   15 10 18 49   15 10 19 13   15 10 20 42
16 1 1 37   16 1 2 47   16 1 3 23   16 1 4 39   16 1 5 45
16 1 6 16   16 1 7 36   16 1 8 20   16 1 9 31   16 1 10 36
16 1 11 47   16 1 12 9   16 1 13 10   16 1 14 27   16 1 15 31
16 1 16 50   16 1 17 12   16 1 18 19   16 1 19 32   16 1 20 50
16 2 1 17   16 2 2 18   16 2 3 47   16 2 4 6   16 2 5 45
16 2 6 12   16 2 7 9   16 2 8 27   16 2 9 12   16 2 10 16
16 2 11 16   16 2 12 15   16 2 13 28   16 2 14 44   16 2 15 11
16 2 16 8   16 2 17 18   16 2 18 14   16 2 19 12   16 2 20 37
16 3 1 26   16 3 2 38   16 3 3 11   16 3 4 15   16 3 5 23
16 3 6 43   16 3 7 25   16 3 8 43   16 3 9 16   16 3 10 25
16 3 11 16   16 3 12 32   16 3 13 20   16 3 14 10   16 3 15 29
16 3 16 23   16 3 17 15   16 3 18 8   16 3 19 40   16 3 20 42
16 4 1 29   16 4 2 40   16 4 3 14   16 4 4 35   16 4 5 24
16 4 6 9   16 4 7 28   16 4 8 16   16 4 9 15   16 4 10 32
16 4 11 12   16 4 12 41   16 4 13 30   16 4 14 18   16 4 15 27
16 4 16 12   16 4 17 7   16 4 18 50   16 4 19 20   16 4 20 19
16 5 1 19   16 5 2 15   16 5 3 35   16 5 4 5   16 5 5 41
16 5 6 11   16 5 7 40   16 5 8 33   16 5 9 45   16 5 10 32
16 5 11 42   16 5 12 39   16 5 13 48   16 5 14 9   16 5 15 25
16 5 16 35   16 5 17 5   16 5 18 31   16 5 19 28   16 5 20 46
16 6 1 48   16 6 2 27   16 6 3 50   16 6 4 40   16 6 5 37
16 6 6 7   16 6 7 40   16 6 8 26   16 6 9 17   16 6 10 14
16 6 11 37   16 6 12 39   16 6 13 18   16 6 14 33   16 6 15 8
16 6 16 26   16 6 17 11   16 6 18 36   16 6 19 20   16 6 20 6
16 7 1 45   16 7 2 42   16 7 3 7   16 7 4 20   16 7 5 35
16 7 6 24   16 7 7 40   16 7 8 38   16 7 9 19   16 7 10 38
16 7 11 9   16 7 12 12   16 7 13 11   16 7 14 36   16 7 15 45
16 7 16 27   16 7 17 11   16 7 18 34   16 7 19 32   16 7 20 42
16 8 1 15   16 8 2 45   16 8 3 23   16 8 4 35   16 8 5 18
16 8 6 44   16 8 7 23   16 8 8 13   16 8 9 7   16 8 10 31
16 8 11 48   16 8 12 33   16 8 13 20   16 8 14 23   16 8 15 11
16 8 16 46   16 8 17 13   16 8 18 13   16 8 19 39   16 8 20 10
16 9 1 40   16 9 2 29   16 9 3 6   16 9 4 45   16 9 5 37
16 9 6 10   16 9 7 46   16 9 8 16   16 9 9 11   16 9 10 29
16 9 11 37   16 9 12 7   16 9 13 27   16 9 14 20   16 9 15 37
16 9 16 31   16 9 17 38   16 9 18 7   16 9 19 9   16 9 20 50
16 10 1 17   16 10 2 41   16 10 3 37   16 10 4 47   16 10 5 32
16 10 6 43   16 10 7 17   16 10 8 38   16 10 9 50   16 10 10 49
16 10 11 6   16 10 12 50   16 10 13 45   16 10 14 37   16 10 15 32
16 10 16 11   16 10 17 21   16 10 18 42   16 10 19 19   16 10 20 36
17 1 1 12   17 1 2 35   17 1 3 20   17 1 4 23   17 1 5 17
17 1 6 46   17 1 7 33   17 1 8 10   17 1 9 22   17 1 10 26
17 1 11 26   17 1 12 31   17 1 13 44   17 1 14 26   17 1 15 48
17 1 16 44   17 1 17 31   17 1 18 18   17 1 19 28   17 1 20 5
17 2 1 39   17 2 2 34   17 2 3 20   17 2 4 13   17 2 5 34
17 2 6 10   17 2 7 15   17 2 8 21   17 2 9 41   17 2 10 28
17 2 11 25   17 2 12 37   17 2 13 34   17 2 14 7   17 2 15 31
17 2 16 7   17 2 17 47   17 2 18 8   17 2 19 37   17 2 20 16
17 3 1 38   17 3 2 45   17 3 3 43   17 3 4 34   17 3 5 7
17 3 6 47   17 3 7 5   17 3 8 11   17 3 9 46   17 3 10 18
17 3 11 15   17 3 12 33   17 3 13 10   17 3 14 22   17 3 15 12
17 3 16 25   17 3 17 7   17 3 18 22   17 3 19 12   17 3 20 38
17 4 1 10   17 4 2 5   17 4 3 10   17 4 4 28   17 4 5 43
17 4 6 23   17 4 7 41   17 4 8 32   17 4 9 11   17 4 10 34
17 4 11 43   17 4 12 50   17 4 13 5   17 4 14 33   17 4 15 34
17 4 16 48   17 4 17 8   17 4 18 26   17 4 19 38   17 4 20 49
17 5 1 41   17 5 2 21   17 5 3 41   17 5 4 44   17 5 5 49
17 5 6 47   17 5 7 10   17 5 8 20   17 5 9 42   17 5 10 29
17 5 11 7   17 5 12 6   17 5 13 7   17 5 14 6   17 5 15 18
17 5 16 29   17 5 17 37   17 5 18 15   17 5 19 41   17 5 20 31
17 6 1 23   17 6 2 49   17 6 3 9   17 6 4 25   17 6 5 20
17 6 6 24   17 6 7 39   17 6 8 30   17 6 9 44   17 6 10 11
17 6 11 15   17 6 12 50   17 6 13 10   17 6 14 37   17 6 15 36
17 6 16 33   17 6 17 30   17 6 18 43   17 6 19 46   17 6 20 36
17 7 1 8   17 7 2 33   17 7 3 23   17 7 4 48   17 7 5 13
17 7 6 22   17 7 7 38   17 7 8 25   17 7 9 22   17 7 10 27
17 7 11 7   17 7 12 32   17 7 13 10   17 7 14 50   17 7 15 28
17 7 16 38   17 7 17 24   17 7 18 49   17 7 19 20   17 7 20 37
17 8 1 47   17 8 2 18   17 8 3 42   17 8 4 12   17 8 5 10
17 8 6 34   17 8 7 8   17 8 8 27   17 8 9 6   17 8 10 36
17 8 11 7   17 8 12 18   17 8 13 24   17 8 14 21   17 8 15 9
17 8 16 19   17 8 17 15   17 8 18 37   17 8 19 41   17 8 20 5
17 9 1 9   17 9 2 47   17 9 3 36   17 9 4 8   17 9 5 33
17 9 6 48   17 9 7 32   17 9 8 20   17 9 9 13   17 9 10 48
17 9 11 10   17 9 12 26   17 9 13 9   17 9 14 16   17 9 15 26
17 9 16 46   17 9 17 34   17 9 18 15   17 9 19 15   17 9 20 26
17 10 1 16   17 10 2 48   17 10 3 33   17 10 4 43   17 10 5 19
17 10 6 16   17 10 7 46   17 10 8 31   17 10 9 16   17 10 10 18
17 10 11 49   17 10 12 35   17 10 13 26   17 10 14 43   17 10 15 19
17 10 16 7   17 10 17 45   17 10 18 29   17 10 19 25   17 10 20 16
18 1 1 36   18 1 2 44   18 1 3 35   18 1 4 23   18 1 5 37
18 1 6 50   18 1 7 43   18 1 8 50   18 1 9 23   18 1 10 44
18 1 11 16   18 1 12 43   18 1 13 24   18 1 14 5   18 1 15 29
18 1 16 49   18 1 17 47   18 1 18 41   18 1 19 45   18 1 20 24
18 2 1 44   18 2 2 12   18 2 3 13   18 2 4 29   18 2 5 44
18 2 6 34   18 2 7 31   18 2 8 34   18 2 9 24   18 2 10 18
18 2 11 39   18 2 12 9   18 2 13 23   18 2 14 14   18 2 15 12
18 2 16 47   18 2 17 31   18 2 18 24   18 2 19 35   18 2 20 45
18 3 1 46   18 3 2 24   18 3 3 36   18 3 4 36   18 3 5 35
18 3 6 45   18 3 7 5   18 3 8 38   18 3 9 17   18 3 10 9
18 3 11 28   18 3 12 21   18 3 13 5   18 3 14 15   18 3 15 44
18 3 16 36   18 3 17 33   18 3 18 50   18 3 19 14   18 3 20 9
18 4 1 32   18 4 2 5   18 4 3 11   18 4 4 27   18 4 5 34
18 4 6 19   18 4 7 29   18 4 8 23   18 4 9 31   18 4 10 27
18 4 11 23   18 4 12 35   18 4 13 39   18 4 14 19   18 4 15 16
18 4 16 20   18 4 17 45   18 4 18 21   18 4 19 44   18 4 20 46
18 5 1 23   18 5 2 19   18 5 3 47   18 5 4 8   18 5 5 38
18 5 6 37   18 5 7 9   18 5 8 38   18 5 9 33   18 5 10 31
18 5 11 40   18 5 12 27   18 5 13 14   18 5 14 40   18 5 15 32
18 5 16 29   18 5 17 47   18 5 18 10   18 5 19 33   18 5 20 33
18 6 1 42   18 6 2 12   18 6 3 30   18 6 4 34   18 6 5 7
18 6 6 19   18 6 7 41   18 6 8 29   18 6 9 5   18 6 10 33
18 6 11 49   18 6 12 39   18 6 13 45   18 6 14 50   18 6 15 33
18 6 16 22   18 6 17 20   18 6 18 9   18 6 19 50   18 6 20 49
18 7 1 29   18 7 2 12   18 7 3 46   18 7 4 49   18 7 5 32
18 7 6 34   18 7 7 43   18 7 8 31   18 7 9 30   18 7 10 12
18 7 11 47   18 7 12 18   18 7 13 44   18 7 14 49   18 7 15 44
18 7 16 22   18 7 17 32   18 7 18 44   18 7 19 29   18 7 20 31
18 8 1 10   18 8 2 22   18 8 3 40   18 8 4 48   18 8 5 10
18 8 6 8   18 8 7 49   18 8 8 7   18 8 9 25   18 8 10 29
18 8 11 31   18 8 12 26   18 8 13 45   18 8 14 43   18 8 15 47
18 8 16 32   18 8 17 35   18 8 18 36   18 8 19 48   18 8 20 15
18 9 1 24   18 9 2 27   18 9 3 9   18 9 4 27   18 9 5 30
18 9 6 14   18 9 7 17   18 9 8 18   18 9 9 30   18 9 10 36
18 9 11 36   18 9 12 23   18 9 13 16   18 9 14 45   18 9 15 18
18 9 16 37   18 9 17 50   18 9 18 40   18 9 19 34   18 9 20 13
18 10 1 37   18 10 2 11   18 10 3 20   18 10 4 21   18 10 5 11
18 10 6 27   18 10 7 36   18 10 8 49   18 10 9 24   18 10 10 12
18 10 11 36   18 10 12 41   18 10 13 17   18 10 14 26   18 10 15 34
18 10 16 23   18 10 17 42   18 10 18 45   18 10 19 40   18 10 20 8
19 1 1 16   19 1 2 5   19 1 3 24   19 1 4 27   19 1 5 25
19 1 6 9   19 1 7 23   19 1 8 7   19 1 9 6   19 1 10 43
19 1 11 22   19 1 12 13   19 1 13 45   19 1 14 14   19 1 15 28
19 1 16 11   19 1 17 28   19 1 18 38   19 1 19 29   19 1 20 31
19 2 1 37   19 2 2 21   19 2 3 32   19 2 4 41   19 2 5 28
19 2 6 26   19 2 7 43   19 2 8 46   19 2 9 25   19 2 10 15
19 2 11 37   19 2 12 46   19 2 13 22   19 2 14 26   19 2 15 31
19 2 16 21   19 2 17 35   19 2 18 43   19 2 19 50   19 2 20 15
19 3 1 31   19 3 2 22   19 3 3 28   19 3 4 23   19 3 5 48
19 3 6 30   19 3 7 22   19 3 8 24   19 3 9 6   19 3 10 34
19 3 11 49   19 3 12 11   19 3 13 50   19 3 14 6   19 3 15 36
19 3 16 9   19 3 17 31   19 3 18 21   19 3 19 19   19 3 20 11
19 4 1 25   19 4 2 7   19 4 3 5   19 4 4 50   19 4 5 23
19 4 6 9   19 4 7 20   19 4 8 50   19 4 9 10   19 4 10 46
19 4 11 14   19 4 12 25   19 4 13 39   19 4 14 20   19 4 15 36
19 4 16 6   19 4 17 22   19 4 18 33   19 4 19 25   19 4 20 16
19 5 1 44   19 5 2 43   19 5 3 42   19 5 4 41   19 5 5 45
19 5 6 35   19 5 7 14   19 5 8 20   19 5 9 17   19 5 10 29
19 5 11 19   19 5 12 15   19 5 13 41   19 5 14 30   19 5 15 29
19 5 16 31   19 5 17 26   19 5 18 38   19 5 19 21   19 5 20 42
19 6 1 9   19 6 2 22   19 6 3 34   19 6 4 17   19 6 5 14
19 6 6 38   19 6 7 17   19 6 8 23   19 6 9 45   19 6 10 17
19 6 11 45   19 6 12 44   19 6 13 36   19 6 14 27   19 6 15 12
19 6 16 9   19 6 17 42   19 6 18 24   19 6 19 43   19 6 20 40
19 7 1 40   19 7 2 25   19 7 3 41   19 7 4 19   19 7 5 49
19 7 6 16   19 7 7 47   19 7 8 44   19 7 9 23   19 7 10 20
19 7 11 6   19 7 12 20   19 7 13 6   19 7 14 34   19 7 15 36
19 7 16 18   19 7 17 11   19 7 18 19   19 7 19 32   19 7 20 23
19 8 1 20   19 8 2 21   19 8 3 12   19 8 4 9   19 8 5 31
19 8 6 19   19 8 7 37   19 8 8 12   19 8 9 27   19 8 10 42
19 8 11 10   19 8 12 10   19 8 13 24   19 8 14 6   19 8 15 19
19 8 16 28   19 8 17 15   19 8 18 36   19 8 19 47   19 8 20 6
19 9 1 26   19 9 2 47   19 9 3 43   19 9 4 22   19 9 5 30
19 9 6 45   19 9 7 34   19 9 8 25   19 9 9 45   19 9 10 37
19 9 11 24   19 9 12 32   19 9 13 43   19 9 14 7   19 9 15 21
19 9 16 6   19 9 17 37   19 9 18 44   19 9 19 22   19 9 20 14
19 10 1 26   19 10 2 6   19 10 3 48   19 10 4 14   19 10 5 26
19 10 6 9   19 10 7 37   19 10 8 14   19 10 9 32   19 10 10 25
19 10 11 37   19 10 12 16   19 10 13 42   19 10 14 12   19 10 15 32
19 10 16 7   19 10 17 11   19 10 18 25   19 10 19 10   19 10 20 49
20 1 1 43   20 1 2 17   20 1 3 29   20 1 4 43   20 1 5 34
20 1 6 9   20 1 7 16   20 1 8 40   20 1 9 5   20 1 10 22
20 1 11 19   20 1 12 28   20 1 13 35   20 1 14 31   20 1 15 42
20 1 16 32   20 1 17 21   20 1 18 31   20 1 19 10   20 1 20 30
20 2 1 29   20 2 2 44   20 2 3 23   20 2 4 19   20 2 5 21
20 2 6 20   20 2 7 47   20 2 8 46   20 2 9 9   20 2 10 44
20 2 11 46   20 2 12 31   20 2 13 48   20 2 14 41   20 2 15 36
20 2 16 15   20 2 17 7   20 2 18 19   20 2 19 31   20 2 20 38
20 3 1 32   20 3 2 7   20 3 3 36   20 3 4 26   20 3 5 14
20 3 6 29   20 3 7 26   20 3 8 19   20 3 9 9   20 3 10 33
20 3 11 20   20 3 12 26   20 3 13 19   20 3 14 32   20 3 15 18
20 3 16 29   20 3 17 42   20 3 18 8   20 3 19 27   20 3 20 32
20 4 1 23   20 4 2 29   20 4 3 46   20 4 4 38   20 4 5 43
20 4 6 5   20 4 7 15   20 4 8 49   20 4 9 18   20 4 10 11
20 4 11 19   20 4 12 13   20 4 13 37   20 4 14 11   20 4 15 36
20 4 16 49   20 4 17 43   20 4 18 18   20 4 19 27   20 4 20 14
20 5 1 13   20 5 2 36   20 5 3 33   20 5 4 5   20 5 5 28
20 5 6 43   20 5 7 29   20 5 8 22   20 5 9 50   20 5 10 33
20 5 11 30   20 5 12 27   20 5 13 14   20 5 14 44   20 5 15 20
20 5 16 49   20 5 17 26   20 5 18 24   20 5 19 36   20 5 20 34
20 6 1 14   20 6 2 35   20 6 3 5   20 6 4 44   20 6 5 28
20 6 6 25   20 6 7 10   20 6 8 11   20 6 9 41   20 6 10 18
20 6 11 33   20 6 12 38   20 6 13 48   20 6 14 45   20 6 15 40
20 6 16 14   20 6 17 15   20 6 18 37   20 6 19 44   20 6 20 25
20 7 1 27   20 7 2 16   20 7 3 43   20 7 4 40   20 7 5 32
20 7 6 38   20 7 7 33   20 7 8 29   20 7 9 37   20 7 10 19
20 7 11 44   20 7 12 34   20 7 13 39   20 7 14 22   20 7 15 37
20 7 16 39   20 7 17 12   20 7 18 50   20 7 19 16   20 7 20 48
20 8 1 40   20 8 2 37   20 8 3 18   20 8 4 38   20 8 5 33
20 8 6 9   20 8 7 16   20 8 8 50   20 8 9 49   20 8 10 39
20 8 11 48   20 8 12 5   20 8 13 22   20 8 14 18   20 8 15 15
20 8 16 14   20 8 17 15   20 8 18 46   20 8 19 37   20 8 20 49
20 9 1 49   20 9 2 25   20 9 3 10   20 9 4 50   20 9 5 13
20 9 6 44   20 9 7 20   20 9 8 45   20 9 9 43   20 9 10 44
20 9 11 42   20 9 12 49   20 9 13 27   20 9 14 50   20 9 15 45
20 9 16 17   20 9 17 22   20 9 18 33   20 9 19 50   20 9 20 5
20 10 1 27   20 10 2 34   20 10 3 32   20 10 4 6   20 10 5 34
20 10 6 36   20 10 7 15   20 10 8 34   20 10 9 33   20 10 10 33
20 10 11 29   20 10 12 38   20 10 13 44   20 10 14 49   20 10 15 11
20 10 16 39   20 10 17 12   20 10 18 34   20 10 19 36   20 10 20 50
;

param time_ :=
# p m o time_
1 1 1 175   1 1 2 111   1 1 3 49   1 1 4 46   1 1 5 25
1 1 6 156   1 1 7 51   1 1 8 22   1 1 9 166   1 1 10 117
1 1 11 128   1 1 12 34   1 1 13 55   1 1 14 41   1 1 15 69
1 1 16 33   1 1 17 71   1 1 18 34   1 1 19 118   1 1 20 58
1 2 1 143   1 2 2 20   1 2 3 165   1 2 4 26   1 2 5 176
1 2 6 159   1 2 7 180   1 2 8 128   1 2 9 65   1 2 10 167
1 2 11 22   1 2 12 92   1 2 13 198   1 2 14 84   1 2 15 156
1 2 16 61   1 2 17 153   1 2 18 88   1 2 19 88   1 2 20 130
1 3 1 200   1 3 2 156   1 3 3 83   1 3 4 96   1 3 5 20
1 3 6 154   1 3 7 71   1 3 8 156   1 3 9 169   1 3 10 67
1 3 11 151   1 3 12 85   1 3 13 70   1 3 14 63   1 3 15 157
1 3 16 94   1 3 17 166   1 3 18 145   1 3 19 85   1 3 20 175
1 4 1 189   1 4 2 179   1 4 3 95   1 4 4 43   1 4 5 48
1 4 6 103   1 4 7 171   1 4 8 132   1 4 9 73   1 4 10 58
1 4 11 158   1 4 12 152   1 4 13 20   1 4 14 177   1 4 15 87
1 4 16 125   1 4 17 95   1 4 18 112   1 4 19 41   1 4 20 57
1 5 1 44   1 5 2 191   1 5 3 109   1 5 4 133   1 5 5 147
1 5 6 149   1 5 7 166   1 5 8 112   1 5 9 196   1 5 10 16
1 5 11 117   1 5 12 85   1 5 13 17   1 5 14 59   1 5 15 72
1 5 16 117   1 5 17 11   1 5 18 193   1 5 19 36   1 5 20 174
1 6 1 170   1 6 2 69   1 6 3 106   1 6 4 89   1 6 5 126
1 6 6 24   1 6 7 96   1 6 8 100   1 6 9 125   1 6 10 155
1 6 11 20   1 6 12 63   1 6 13 192   1 6 14 40   1 6 15 67
1 6 16 178   1 6 17 80   1 6 18 46   1 6 19 23   1 6 20 199
1 7 1 133   1 7 2 181   1 7 3 12   1 7 4 100   1 7 5 117
1 7 6 76   1 7 7 176   1 7 8 117   1 7 9 32   1 7 10 91
1 7 11 82   1 7 12 51   1 7 13 183   1 7 14 197   1 7 15 155
1 7 16 102   1 7 17 111   1 7 18 29   1 7 19 135   1 7 20 59
1 8 1 110   1 8 2 68   1 8 3 52   1 8 4 174   1 8 5 180
1 8 6 168   1 8 7 136   1 8 8 194   1 8 9 37   1 8 10 104
1 8 11 82   1 8 12 123   1 8 13 50   1 8 14 37   1 8 15 109
1 8 16 47   1 8 17 70   1 8 18 71   1 8 19 118   1 8 20 170
1 9 1 74   1 9 2 64   1 9 3 124   1 9 4 123   1 9 5 98
1 9 6 97   1 9 7 192   1 9 8 56   1 9 9 45   1 9 10 86
1 9 11 37   1 9 12 80   1 9 13 140   1 9 14 29   1 9 15 92
1 9 16 110   1 9 17 12   1 9 18 74   1 9 19 120   1 9 20 114
1 10 1 22   1 10 2 143   1 10 3 177   1 10 4 164   1 10 5 118
1 10 6 154   1 10 7 148   1 10 8 136   1 10 9 11   1 10 10 68
1 10 11 148   1 10 12 82   1 10 13 95   1 10 14 144   1 10 15 179
1 10 16 156   1 10 17 41   1 10 18 114   1 10 19 183   1 10 20 78
2 1 1 22   2 1 2 54   2 1 3 57   2 1 4 115   2 1 5 179
2 1 6 118   2 1 7 69   2 1 8 78   2 1 9 151   2 1 10 20
2 1 11 38   2 1 12 150   2 1 13 61   2 1 14 122   2 1 15 185
2 1 16 49   2 1 17 128   2 1 18 142   2 1 19 24   2 1 20 152
2 2 1 162   2 2 2 156   2 2 3 67   2 2 4 110   2 2 5 97
2 2 6 130   2 2 7 83   2 2 8 150   2 2 9 71   2 2 10 11
2 2 11 24   2 2 12 37   2 2 13 22   2 2 14 128   2 2 15 71
2 2 16 11   2 2 17 161   2 2 18 146   2 2 19 47   2 2 20 83
2 3 1 163   2 3 2 97   2 3 3 21   2 3 4 183   2 3 5 91
2 3 6 86   2 3 7 60   2 3 8 126   2 3 9 124   2 3 10 64
2 3 11 199   2 3 12 62   2 3 13 192   2 3 14 48   2 3 15 189
2 3 16 187   2 3 17 71   2 3 18 96   2 3 19 84   2 3 20 199
2 4 1 170   2 4 2 164   2 4 3 43   2 4 4 95   2 4 5 118
2 4 6 184   2 4 7 17   2 4 8 156   2 4 9 13   2 4 10 27
2 4 11 129   2 4 12 135   2 4 13 154   2 4 14 118   2 4 15 101
2 4 16 109   2 4 17 24   2 4 18 91   2 4 19 80   2 4 20 116
2 5 1 15   2 5 2 185   2 5 3 80   2 5 4 40   2 5 5 188
2 5 6 190   2 5 7 136   2 5 8 142   2 5 9 84   2 5 10 139
2 5 11 30   2 5 12 95   2 5 13 130   2 5 14 35   2 5 15 102
2 5 16 128   2 5 17 82   2 5 18 85   2 5 19 106   2 5 20 147
2 6 1 58   2 6 2 151   2 6 3 19   2 6 4 124   2 6 5 189
2 6 6 61   2 6 7 187   2 6 8 197   2 6 9 136   2 6 10 114
2 6 11 61   2 6 12 41   2 6 13 90   2 6 14 168   2 6 15 169
2 6 16 175   2 6 17 16   2 6 18 189   2 6 19 160   2 6 20 151
2 7 1 66   2 7 2 155   2 7 3 58   2 7 4 118   2 7 5 37
2 7 6 75   2 7 7 42   2 7 8 182   2 7 9 149   2 7 10 35
2 7 11 186   2 7 12 153   2 7 13 142   2 7 14 26   2 7 15 192
2 7 16 184   2 7 17 73   2 7 18 134   2 7 19 200   2 7 20 163
2 8 1 50   2 8 2 192   2 8 3 107   2 8 4 98   2 8 5 147
2 8 6 50   2 8 7 119   2 8 8 108   2 8 9 99   2 8 10 96
2 8 11 117   2 8 12 177   2 8 13 29   2 8 14 157   2 8 15 99
2 8 16 55   2 8 17 150   2 8 18 156   2 8 19 28   2 8 20 17
2 9 1 85   2 9 2 83   2 9 3 100   2 9 4 45   2 9 5 161
2 9 6 131   2 9 7 193   2 9 8 42   2 9 9 125   2 9 10 184
2 9 11 184   2 9 12 19   2 9 13 64   2 9 14 83   2 9 15 167
2 9 16 23   2 9 17 133   2 9 18 194   2 9 19 84   2 9 20 132
2 10 1 88   2 10 2 34   2 10 3 192   2 10 4 87   2 10 5 124
2 10 6 15   2 10 7 54   2 10 8 134   2 10 9 161   2 10 10 62
2 10 11 145   2 10 12 172   2 10 13 103   2 10 14 129   2 10 15 107
2 10 16 73   2 10 17 10   2 10 18 37   2 10 19 163   2 10 20 94
3 1 1 148   3 1 2 188   3 1 3 188   3 1 4 50   3 1 5 157
3 1 6 171   3 1 7 11   3 1 8 25   3 1 9 110   3 1 10 129
3 1 11 30   3 1 12 23   3 1 13 109   3 1 14 113   3 1 15 54
3 1 16 45   3 1 17 193   3 1 18 74   3 1 19 152   3 1 20 97
3 2 1 141   3 2 2 120   3 2 3 134   3 2 4 18   3 2 5 117
3 2 6 139   3 2 7 159   3 2 8 194   3 2 9 88   3 2 10 15
3 2 11 124   3 2 12 183   3 2 13 32   3 2 14 66   3 2 15 148
3 2 16 101   3 2 17 11   3 2 18 90   3 2 19 122   3 2 20 109
3 3 1 13   3 3 2 16   3 3 3 145   3 3 4 200   3 3 5 52
3 3 6 194   3 3 7 77   3 3 8 172   3 3 9 37   3 3 10 12
3 3 11 78   3 3 12 160   3 3 13 58   3 3 14 153   3 3 15 198
3 3 16 178   3 3 17 74   3 3 18 199   3 3 19 183   3 3 20 169
3 4 1 184   3 4 2 104   3 4 3 49   3 4 4 112   3 4 5 68
3 4 6 186   3 4 7 85   3 4 8 96   3 4 9 27   3 4 10 97
3 4 11 121   3 4 12 25   3 4 13 178   3 4 14 19   3 4 15 87
3 4 16 67   3 4 17 198   3 4 18 52   3 4 19 58   3 4 20 145
3 5 1 106   3 5 2 119   3 5 3 30   3 5 4 161   3 5 5 53
3 5 6 172   3 5 7 121   3 5 8 73   3 5 9 22   3 5 10 175
3 5 11 191   3 5 12 82   3 5 13 99   3 5 14 41   3 5 15 24
3 5 16 165   3 5 17 134   3 5 18 142   3 5 19 135   3 5 20 179
3 6 1 80   3 6 2 58   3 6 3 34   3 6 4 177   3 6 5 124
3 6 6 148   3 6 7 54   3 6 8 27   3 6 9 47   3 6 10 134
3 6 11 184   3 6 12 86   3 6 13 137   3 6 14 152   3 6 15 130
3 6 16 169   3 6 17 179   3 6 18 138   3 6 19 112   3 6 20 104
3 7 1 41   3 7 2 192   3 7 3 124   3 7 4 164   3 7 5 15
3 7 6 24   3 7 7 174   3 7 8 97   3 7 9 160   3 7 10 192
3 7 11 133   3 7 12 71   3 7 13 35   3 7 14 56   3 7 15 184
3 7 16 86   3 7 17 139   3 7 18 152   3 7 19 56   3 7 20 124
3 8 1 66   3 8 2 165   3 8 3 22   3 8 4 141   3 8 5 83
3 8 6 186   3 8 7 115   3 8 8 55   3 8 9 109   3 8 10 35
3 8 11 87   3 8 12 154   3 8 13 170   3 8 14 198   3 8 15 172
3 8 16 95   3 8 17 94   3 8 18 198   3 8 19 63   3 8 20 67
3 9 1 160   3 9 2 167   3 9 3 150   3 9 4 91   3 9 5 190
3 9 6 54   3 9 7 159   3 9 8 70   3 9 9 131   3 9 10 83
3 9 11 90   3 9 12 125   3 9 13 38   3 9 14 130   3 9 15 170
3 9 16 171   3 9 17 100   3 9 18 48   3 9 19 189   3 9 20 163
3 10 1 128   3 10 2 24   3 10 3 22   3 10 4 92   3 10 5 80
3 10 6 166   3 10 7 19   3 10 8 129   3 10 9 16   3 10 10 88
3 10 11 100   3 10 12 133   3 10 13 24   3 10 14 74   3 10 15 135
3 10 16 128   3 10 17 66   3 10 18 24   3 10 19 179   3 10 20 67
4 1 1 101   4 1 2 66   4 1 3 116   4 1 4 144   4 1 5 105
4 1 6 56   4 1 7 158   4 1 8 27   4 1 9 157   4 1 10 31
4 1 11 17   4 1 12 185   4 1 13 98   4 1 14 136   4 1 15 65
4 1 16 153   4 1 17 145   4 1 18 108   4 1 19 34   4 1 20 195
4 2 1 161   4 2 2 80   4 2 3 139   4 2 4 127   4 2 5 192
4 2 6 158   4 2 7 145   4 2 8 107   4 2 9 163   4 2 10 195
4 2 11 163   4 2 12 90   4 2 13 102   4 2 14 165   4 2 15 152
4 2 16 78   4 2 17 104   4 2 18 141   4 2 19 25   4 2 20 35
4 3 1 66   4 3 2 76   4 3 3 14   4 3 4 95   4 3 5 132
4 3 6 177   4 3 7 110   4 3 8 184   4 3 9 85   4 3 10 84
4 3 11 120   4 3 12 111   4 3 13 169   4 3 14 33   4 3 15 161
4 3 16 194   4 3 17 107   4 3 18 93   4 3 19 176   4 3 20 131
4 4 1 151   4 4 2 138   4 4 3 125   4 4 4 136   4 4 5 107
4 4 6 200   4 4 7 26   4 4 8 101   4 4 9 194   4 4 10 144
4 4 11 156   4 4 12 32   4 4 13 127   4 4 14 16   4 4 15 153
4 4 16 116   4 4 17 54   4 4 18 178   4 4 19 111   4 4 20 69
4 5 1 16   4 5 2 160   4 5 3 113   4 5 4 181   4 5 5 187
4 5 6 94   4 5 7 124   4 5 8 151   4 5 9 81   4 5 10 145
4 5 11 105   4 5 12 165   4 5 13 127   4 5 14 180   4 5 15 132
4 5 16 69   4 5 17 125   4 5 18 28   4 5 19 31   4 5 20 90
4 6 1 91   4 6 2 199   4 6 3 195   4 6 4 76   4 6 5 126
4 6 6 16   4 6 7 119   4 6 8 124   4 6 9 63   4 6 10 160
4 6 11 188   4 6 12 164   4 6 13 119   4 6 14 114   4 6 15 79
4 6 16 152   4 6 17 167   4 6 18 25   4 6 19 32   4 6 20 121
4 7 1 81   4 7 2 131   4 7 3 106   4 7 4 153   4 7 5 50
4 7 6 118   4 7 7 190   4 7 8 65   4 7 9 142   4 7 10 19
4 7 11 45   4 7 12 114   4 7 13 109   4 7 14 118   4 7 15 127
4 7 16 56   4 7 17 146   4 7 18 150   4 7 19 155   4 7 20 127
4 8 1 100   4 8 2 192   4 8 3 105   4 8 4 108   4 8 5 74
4 8 6 161   4 8 7 126   4 8 8 172   4 8 9 130   4 8 10 112
4 8 11 196   4 8 12 14   4 8 13 22   4 8 14 81   4 8 15 122
4 8 16 87   4 8 17 50   4 8 18 197   4 8 19 174   4 8 20 191
4 9 1 177   4 9 2 178   4 9 3 152   4 9 4 159   4 9 5 160
4 9 6 199   4 9 7 178   4 9 8 75   4 9 9 71   4 9 10 11
4 9 11 37   4 9 12 164   4 9 13 21   4 9 14 39   4 9 15 132
4 9 16 196   4 9 17 92   4 9 18 51   4 9 19 37   4 9 20 139
4 10 1 113   4 10 2 136   4 10 3 195   4 10 4 150   4 10 5 154
4 10 6 176   4 10 7 110   4 10 8 196   4 10 9 88   4 10 10 104
4 10 11 89   4 10 12 108   4 10 13 75   4 10 14 135   4 10 15 146
4 10 16 33   4 10 17 151   4 10 18 126   4 10 19 129   4 10 20 24
5 1 1 39   5 1 2 98   5 1 3 93   5 1 4 180   5 1 5 104
5 1 6 93   5 1 7 128   5 1 8 85   5 1 9 30   5 1 10 83
5 1 11 43   5 1 12 53   5 1 13 185   5 1 14 35   5 1 15 141
5 1 16 86   5 1 17 129   5 1 18 45   5 1 19 78   5 1 20 82
5 2 1 151   5 2 2 122   5 2 3 152   5 2 4 144   5 2 5 104
5 2 6 92   5 2 7 109   5 2 8 35   5 2 9 167   5 2 10 198
5 2 11 91   5 2 12 139   5 2 13 62   5 2 14 175   5 2 15 33
5 2 16 151   5 2 17 81   5 2 18 174   5 2 19 162   5 2 20 199
5 3 1 164   5 3 2 34   5 3 3 143   5 3 4 63   5 3 5 43
5 3 6 188   5 3 7 54   5 3 8 11   5 3 9 140   5 3 10 101
5 3 11 83   5 3 12 52   5 3 13 33   5 3 14 44   5 3 15 177
5 3 16 155   5 3 17 160   5 3 18 74   5 3 19 116   5 3 20 82
5 4 1 172   5 4 2 34   5 4 3 117   5 4 4 12   5 4 5 14
5 4 6 197   5 4 7 59   5 4 8 185   5 4 9 168   5 4 10 143
5 4 11 92   5 4 12 20   5 4 13 135   5 4 14 53   5 4 15 17
5 4 16 81   5 4 17 72   5 4 18 173   5 4 19 41   5 4 20 34
5 5 1 128   5 5 2 154   5 5 3 129   5 5 4 11   5 5 5 81
5 5 6 16   5 5 7 178   5 5 8 171   5 5 9 198   5 5 10 16
5 5 11 191   5 5 12 94   5 5 13 200   5 5 14 133   5 5 15 36
5 5 16 153   5 5 17 11   5 5 18 105   5 5 19 62   5 5 20 80
5 6 1 12   5 6 2 191   5 6 3 132   5 6 4 139   5 6 5 81
5 6 6 94   5 6 7 29   5 6 8 22   5 6 9 117   5 6 10 101
5 6 11 91   5 6 12 55   5 6 13 106   5 6 14 164   5 6 15 56
5 6 16 182   5 6 17 67   5 6 18 24   5 6 19 82   5 6 20 45
5 7 1 62   5 7 2 63   5 7 3 172   5 7 4 40   5 7 5 167
5 7 6 189   5 7 7 60   5 7 8 77   5 7 9 69   5 7 10 13
5 7 11 23   5 7 12 167   5 7 13 160   5 7 14 26   5 7 15 157
5 7 16 167   5 7 17 100   5 7 18 103   5 7 19 185   5 7 20 185
5 8 1 153   5 8 2 77   5 8 3 65   5 8 4 137   5 8 5 178
5 8 6 86   5 8 7 51   5 8 8 106   5 8 9 116   5 8 10 173
5 8 11 110   5 8 12 179   5 8 13 104   5 8 14 74   5 8 15 200
5 8 16 101   5 8 17 65   5 8 18 93   5 8 19 189   5 8 20 102
5 9 1 172   5 9 2 98   5 9 3 164   5 9 4 113   5 9 5 73
5 9 6 68   5 9 7 89   5 9 8 87   5 9 9 163   5 9 10 136
5 9 11 90   5 9 12 13   5 9 13 45   5 9 14 92   5 9 15 43
5 9 16 109   5 9 17 149   5 9 18 145   5 9 19 60   5 9 20 102
5 10 1 89   5 10 2 158   5 10 3 62   5 10 4 112   5 10 5 130
5 10 6 90   5 10 7 193   5 10 8 31   5 10 9 126   5 10 10 89
5 10 11 84   5 10 12 41   5 10 13 110   5 10 14 131   5 10 15 33
5 10 16 35   5 10 17 140   5 10 18 137   5 10 19 22   5 10 20 164
6 1 1 80   6 1 2 49   6 1 3 48   6 1 4 47   6 1 5 81
6 1 6 63   6 1 7 81   6 1 8 81   6 1 9 14   6 1 10 116
6 1 11 148   6 1 12 48   6 1 13 167   6 1 14 145   6 1 15 146
6 1 16 143   6 1 17 78   6 1 18 142   6 1 19 76   6 1 20 165
6 2 1 135   6 2 2 73   6 2 3 129   6 2 4 83   6 2 5 110
6 2 6 32   6 2 7 53   6 2 8 58   6 2 9 144   6 2 10 106
6 2 11 115   6 2 12 11   6 2 13 196   6 2 14 176   6 2 15 72
6 2 16 102   6 2 17 15   6 2 18 122   6 2 19 94   6 2 20 33
6 3 1 54   6 3 2 183   6 3 3 49   6 3 4 149   6 3 5 70
6 3 6 17   6 3 7 166   6 3 8 103   6 3 9 75   6 3 10 153
6 3 11 71   6 3 12 134   6 3 13 184   6 3 14 54   6 3 15 163
6 3 16 58   6 3 17 193   6 3 18 195   6 3 19 105   6 3 20 14
6 4 1 163   6 4 2 181   6 4 3 195   6 4 4 182   6 4 5 179
6 4 6 156   6 4 7 37   6 4 8 67   6 4 9 151   6 4 10 19
6 4 11 19   6 4 12 195   6 4 13 14   6 4 14 192   6 4 15 15
6 4 16 153   6 4 17 122   6 4 18 72   6 4 19 62   6 4 20 130
6 5 1 118   6 5 2 20   6 5 3 71   6 5 4 36   6 5 5 151
6 5 6 34   6 5 7 126   6 5 8 90   6 5 9 112   6 5 10 104
6 5 11 198   6 5 12 129   6 5 13 119   6 5 14 67   6 5 15 73
6 5 16 79   6 5 17 192   6 5 18 176   6 5 19 187   6 5 20 151
6 6 1 62   6 6 2 144   6 6 3 67   6 6 4 10   6 6 5 103
6 6 6 147   6 6 7 57   6 6 8 33   6 6 9 103   6 6 10 37
6 6 11 91   6 6 12 53   6 6 13 104   6 6 14 166   6 6 15 18
6 6 16 182   6 6 17 163   6 6 18 41   6 6 19 135   6 6 20 13
6 7 1 181   6 7 2 22   6 7 3 156   6 7 4 193   6 7 5 71
6 7 6 162   6 7 7 192   6 7 8 53   6 7 9 163   6 7 10 125
6 7 11 47   6 7 12 191   6 7 13 141   6 7 14 111   6 7 15 19
6 7 16 195   6 7 17 185   6 7 18 168   6 7 19 74   6 7 20 133
6 8 1 15   6 8 2 194   6 8 3 64   6 8 4 66   6 8 5 154
6 8 6 113   6 8 7 192   6 8 8 117   6 8 9 170   6 8 10 53
6 8 11 120   6 8 12 79   6 8 13 56   6 8 14 196   6 8 15 125
6 8 16 10   6 8 17 46   6 8 18 38   6 8 19 58   6 8 20 159
6 9 1 80   6 9 2 95   6 9 3 194   6 9 4 12   6 9 5 117
6 9 6 200   6 9 7 43   6 9 8 34   6 9 9 24   6 9 10 66
6 9 11 40   6 9 12 87   6 9 13 25   6 9 14 88   6 9 15 126
6 9 16 118   6 9 17 178   6 9 18 45   6 9 19 76   6 9 20 139
6 10 1 78   6 10 2 138   6 10 3 42   6 10 4 122   6 10 5 170
6 10 6 41   6 10 7 143   6 10 8 69   6 10 9 161   6 10 10 155
6 10 11 88   6 10 12 141   6 10 13 163   6 10 14 159   6 10 15 70
6 10 16 116   6 10 17 37   6 10 18 49   6 10 19 148   6 10 20 97
7 1 1 11   7 1 2 40   7 1 3 80   7 1 4 35   7 1 5 12
7 1 6 80   7 1 7 36   7 1 8 190   7 1 9 71   7 1 10 191
7 1 11 154   7 1 12 26   7 1 13 50   7 1 14 196   7 1 15 187
7 1 16 29   7 1 17 161   7 1 18 28   7 1 19 48   7 1 20 171
7 2 1 69   7 2 2 61   7 2 3 141   7 2 4 12   7 2 5 134
7 2 6 98   7 2 7 47   7 2 8 106   7 2 9 172   7 2 10 15
7 2 11 10   7 2 12 172   7 2 13 124   7 2 14 129   7 2 15 91
7 2 16 157   7 2 17 109   7 2 18 113   7 2 19 120   7 2 20 149
7 3 1 142   7 3 2 140   7 3 3 131   7 3 4 132   7 3 5 175
7 3 6 24   7 3 7 65   7 3 8 40   7 3 9 36   7 3 10 84
7 3 11 91   7 3 12 37   7 3 13 190   7 3 14 153   7 3 15 90
7 3 16 198   7 3 17 25   7 3 18 68   7 3 19 131   7 3 20 86
7 4 1 57   7 4 2 41   7 4 3 116   7 4 4 142   7 4 5 125
7 4 6 37   7 4 7 130   7 4 8 68   7 4 9 41   7 4 10 19
7 4 11 122   7 4 12 37   7 4 13 197   7 4 14 43   7 4 15 166
7 4 16 45   7 4 17 110   7 4 18 128   7 4 19 22   7 4 20 85
7 5 1 196   7 5 2 55   7 5 3 131   7 5 4 184   7 5 5 53
7 5 6 161   7 5 7 47   7 5 8 187   7 5 9 137   7 5 10 67
7 5 11 167   7 5 12 62   7 5 13 77   7 5 14 192   7 5 15 73
7 5 16 131   7 5 17 124   7 5 18 49   7 5 19 187   7 5 20 37
7 6 1 96   7 6 2 182   7 6 3 27   7 6 4 77   7 6 5 133
7 6 6 140   7 6 7 170   7 6 8 116   7 6 9 155   7 6 10 184
7 6 11 48   7 6 12 104   7 6 13 139   7 6 14 158   7 6 15 54
7 6 16 67   7 6 17 118   7 6 18 42   7 6 19 122   7 6 20 114
7 7 1 51   7 7 2 161   7 7 3 102   7 7 4 151   7 7 5 11
7 7 6 18   7 7 7 117   7 7 8 182   7 7 9 126   7 7 10 27
7 7 11 146   7 7 12 115   7 7 13 102   7 7 14 85   7 7 15 74
7 7 16 191   7 7 17 116   7 7 18 159   7 7 19 116   7 7 20 162
7 8 1 76   7 8 2 83   7 8 3 21   7 8 4 102   7 8 5 146
7 8 6 26   7 8 7 13   7 8 8 133   7 8 9 21   7 8 10 136
7 8 11 66   7 8 12 111   7 8 13 100   7 8 14 173   7 8 15 43
7 8 16 178   7 8 17 12   7 8 18 67   7 8 19 153   7 8 20 20
7 9 1 95   7 9 2 80   7 9 3 193   7 9 4 57   7 9 5 141
7 9 6 176   7 9 7 191   7 9 8 31   7 9 9 196   7 9 10 102
7 9 11 157   7 9 12 159   7 9 13 104   7 9 14 74   7 9 15 41
7 9 16 183   7 9 17 67   7 9 18 150   7 9 19 99   7 9 20 43
7 10 1 200   7 10 2 119   7 10 3 161   7 10 4 156   7 10 5 164
7 10 6 117   7 10 7 87   7 10 8 54   7 10 9 43   7 10 10 158
7 10 11 184   7 10 12 115   7 10 13 59   7 10 14 143   7 10 15 177
7 10 16 198   7 10 17 13   7 10 18 53   7 10 19 136   7 10 20 154
8 1 1 50   8 1 2 163   8 1 3 51   8 1 4 49   8 1 5 63
8 1 6 90   8 1 7 181   8 1 8 142   8 1 9 127   8 1 10 112
8 1 11 42   8 1 12 88   8 1 13 43   8 1 14 43   8 1 15 118
8 1 16 92   8 1 17 197   8 1 18 78   8 1 19 176   8 1 20 67
8 2 1 90   8 2 2 114   8 2 3 17   8 2 4 197   8 2 5 15
8 2 6 183   8 2 7 133   8 2 8 164   8 2 9 172   8 2 10 69
8 2 11 60   8 2 12 152   8 2 13 146   8 2 14 165   8 2 15 49
8 2 16 20   8 2 17 65   8 2 18 99   8 2 19 37   8 2 20 152
8 3 1 188   8 3 2 115   8 3 3 156   8 3 4 116   8 3 5 92
8 3 6 82   8 3 7 162   8 3 8 73   8 3 9 185   8 3 10 65
8 3 11 99   8 3 12 14   8 3 13 39   8 3 14 93   8 3 15 141
8 3 16 159   8 3 17 197   8 3 18 56   8 3 19 86   8 3 20 104
8 4 1 170   8 4 2 177   8 4 3 171   8 4 4 87   8 4 5 174
8 4 6 129   8 4 7 88   8 4 8 87   8 4 9 43   8 4 10 76
8 4 11 166   8 4 12 107   8 4 13 145   8 4 14 138   8 4 15 133
8 4 16 30   8 4 17 190   8 4 18 104   8 4 19 114   8 4 20 96
8 5 1 76   8 5 2 56   8 5 3 32   8 5 4 96   8 5 5 63
8 5 6 100   8 5 7 106   8 5 8 88   8 5 9 183   8 5 10 33
8 5 11 181   8 5 12 96   8 5 13 34   8 5 14 15   8 5 15 39
8 5 16 55   8 5 17 178   8 5 18 102   8 5 19 72   8 5 20 181
8 6 1 69   8 6 2 104   8 6 3 97   8 6 4 59   8 6 5 88
8 6 6 101   8 6 7 24   8 6 8 77   8 6 9 113   8 6 10 32
8 6 11 48   8 6 12 59   8 6 13 144   8 6 14 138   8 6 15 117
8 6 16 101   8 6 17 146   8 6 18 127   8 6 19 195   8 6 20 159
8 7 1 111   8 7 2 159   8 7 3 200   8 7 4 92   8 7 5 88
8 7 6 40   8 7 7 193   8 7 8 65   8 7 9 42   8 7 10 44
8 7 11 149   8 7 12 73   8 7 13 26   8 7 14 84   8 7 15 175
8 7 16 115   8 7 17 151   8 7 18 197   8 7 19 54   8 7 20 154
8 8 1 58   8 8 2 136   8 8 3 174   8 8 4 31   8 8 5 136
8 8 6 84   8 8 7 110   8 8 8 112   8 8 9 101   8 8 10 175
8 8 11 17   8 8 12 89   8 8 13 120   8 8 14 36   8 8 15 73
8 8 16 117   8 8 17 200   8 8 18 159   8 8 19 189   8 8 20 40
8 9 1 60   8 9 2 155   8 9 3 76   8 9 4 79   8 9 5 51
8 9 6 160   8 9 7 13   8 9 8 101   8 9 9 89   8 9 10 25
8 9 11 19   8 9 12 102   8 9 13 86   8 9 14 147   8 9 15 141
8 9 16 185   8 9 17 139   8 9 18 13   8 9 19 96   8 9 20 16
8 10 1 87   8 10 2 61   8 10 3 91   8 10 4 128   8 10 5 178
8 10 6 119   8 10 7 166   8 10 8 105   8 10 9 14   8 10 10 128
8 10 11 34   8 10 12 78   8 10 13 97   8 10 14 35   8 10 15 92
8 10 16 89   8 10 17 172   8 10 18 111   8 10 19 51   8 10 20 94
9 1 1 28   9 1 2 100   9 1 3 163   9 1 4 50   9 1 5 100
9 1 6 155   9 1 7 51   9 1 8 102   9 1 9 129   9 1 10 180
9 1 11 77   9 1 12 18   9 1 13 120   9 1 14 117   9 1 15 151
9 1 16 148   9 1 17 167   9 1 18 171   9 1 19 51   9 1 20 40
9 2 1 189   9 2 2 83   9 2 3 47   9 2 4 55   9 2 5 73
9 2 6 14   9 2 7 54   9 2 8 61   9 2 9 65   9 2 10 111
9 2 11 74   9 2 12 116   9 2 13 35   9 2 14 56   9 2 15 61
9 2 16 25   9 2 17 16   9 2 18 71   9 2 19 55   9 2 20 155
9 3 1 101   9 3 2 92   9 3 3 89   9 3 4 149   9 3 5 104
9 3 6 45   9 3 7 114   9 3 8 195   9 3 9 143   9 3 10 186
9 3 11 71   9 3 12 89   9 3 13 191   9 3 14 168   9 3 15 93
9 3 16 145   9 3 17 27   9 3 18 173   9 3 19 160   9 3 20 19
9 4 1 101   9 4 2 117   9 4 3 39   9 4 4 187   9 4 5 164
9 4 6 197   9 4 7 157   9 4 8 135   9 4 9 166   9 4 10 139
9 4 11 117   9 4 12 96   9 4 13 15   9 4 14 124   9 4 15 76
9 4 16 11   9 4 17 137   9 4 18 121   9 4 19 115   9 4 20 168
9 5 1 86   9 5 2 104   9 5 3 95   9 5 4 66   9 5 5 65
9 5 6 135   9 5 7 196   9 5 8 109   9 5 9 160   9 5 10 66
9 5 11 121   9 5 12 195   9 5 13 42   9 5 14 138   9 5 15 45
9 5 16 83   9 5 17 51   9 5 18 114   9 5 19 109   9 5 20 47
9 6 1 62   9 6 2 161   9 6 3 35   9 6 4 80   9 6 5 75
9 6 6 190   9 6 7 158   9 6 8 76   9 6 9 81   9 6 10 91
9 6 11 73   9 6 12 175   9 6 13 58   9 6 14 26   9 6 15 36
9 6 16 120   9 6 17 115   9 6 18 146   9 6 19 200   9 6 20 194
9 7 1 77   9 7 2 115   9 7 3 11   9 7 4 111   9 7 5 165
9 7 6 194   9 7 7 94   9 7 8 200   9 7 9 196   9 7 10 18
9 7 11 106   9 7 12 193   9 7 13 92   9 7 14 75   9 7 15 102
9 7 16 88   9 7 17 159   9 7 18 135   9 7 19 107   9 7 20 165
9 8 1 23   9 8 2 151   9 8 3 151   9 8 4 189   9 8 5 184
9 8 6 82   9 8 7 134   9 8 8 35   9 8 9 88   9 8 10 26
9 8 11 199   9 8 12 110   9 8 13 198   9 8 14 98   9 8 15 37
9 8 16 74   9 8 17 102   9 8 18 57   9 8 19 73   9 8 20 102
9 9 1 152   9 9 2 115   9 9 3 100   9 9 4 45   9 9 5 154
9 9 6 130   9 9 7 53   9 9 8 15   9 9 9 35   9 9 10 40
9 9 11 134   9 9 12 110   9 9 13 154   9 9 14 134   9 9 15 35
9 9 16 17   9 9 17 134   9 9 18 69   9 9 19 195   9 9 20 97
9 10 1 185   9 10 2 97   9 10 3 186   9 10 4 13   9 10 5 155
9 10 6 95   9 10 7 150   9 10 8 122   9 10 9 33   9 10 10 75
9 10 11 191   9 10 12 111   9 10 13 178   9 10 14 18   9 10 15 115
9 10 16 111   9 10 17 183   9 10 18 36   9 10 19 34   9 10 20 22
10 1 1 167   10 1 2 90   10 1 3 194   10 1 4 59   10 1 5 158
10 1 6 46   10 1 7 135   10 1 8 31   10 1 9 112   10 1 10 63
10 1 11 94   10 1 12 187   10 1 13 12   10 1 14 200   10 1 15 94
10 1 16 43   10 1 17 155   10 1 18 137   10 1 19 198   10 1 20 117
10 2 1 180   10 2 2 120   10 2 3 199   10 2 4 23   10 2 5 131
10 2 6 74   10 2 7 38   10 2 8 130   10 2 9 80   10 2 10 87
10 2 11 85   10 2 12 200   10 2 13 145   10 2 14 85   10 2 15 67
10 2 16 20   10 2 17 111   10 2 18 79   10 2 19 101   10 2 20 59
10 3 1 133   10 3 2 200   10 3 3 102   10 3 4 26   10 3 5 144
10 3 6 114   10 3 7 130   10 3 8 183   10 3 9 82   10 3 10 54
10 3 11 191   10 3 12 168   10 3 13 91   10 3 14 37   10 3 15 153
10 3 16 198   10 3 17 32   10 3 18 167   10 3 19 151   10 3 20 57
10 4 1 62   10 4 2 195   10 4 3 171   10 4 4 169   10 4 5 96
10 4 6 79   10 4 7 69   10 4 8 36   10 4 9 95   10 4 10 143
10 4 11 116   10 4 12 22   10 4 13 29   10 4 14 121   10 4 15 71
10 4 16 148   10 4 17 188   10 4 18 78   10 4 19 101   10 4 20 32
10 5 1 46   10 5 2 72   10 5 3 152   10 5 4 24   10 5 5 119
10 5 6 157   10 5 7 157   10 5 8 113   10 5 9 85   10 5 10 114
10 5 11 71   10 5 12 157   10 5 13 22   10 5 14 39   10 5 15 152
10 5 16 177   10 5 17 167   10 5 18 44   10 5 19 44   10 5 20 67
10 6 1 34   10 6 2 50   10 6 3 161   10 6 4 134   10 6 5 199
10 6 6 25   10 6 7 150   10 6 8 102   10 6 9 57   10 6 10 161
10 6 11 136   10 6 12 161   10 6 13 113   10 6 14 92   10 6 15 185
10 6 16 12   10 6 17 73   10 6 18 27   10 6 19 187   10 6 20 64
10 7 1 32   10 7 2 145   10 7 3 54   10 7 4 176   10 7 5 158
10 7 6 127   10 7 7 88   10 7 8 137   10 7 9 99   10 7 10 189
10 7 11 17   10 7 12 149   10 7 13 150   10 7 14 68   10 7 15 141
10 7 16 21   10 7 17 93   10 7 18 30   10 7 19 61   10 7 20 57
10 8 1 123   10 8 2 131   10 8 3 14   10 8 4 144   10 8 5 58
10 8 6 20   10 8 7 80   10 8 8 151   10 8 9 128   10 8 10 106
10 8 11 178   10 8 12 138   10 8 13 13   10 8 14 86   10 8 15 33
10 8 16 35   10 8 17 184   10 8 18 146   10 8 19 159   10 8 20 143
10 9 1 130   10 9 2 90   10 9 3 28   10 9 4 181   10 9 5 116
10 9 6 77   10 9 7 196   10 9 8 110   10 9 9 40   10 9 10 82
10 9 11 39   10 9 12 13   10 9 13 55   10 9 14 145   10 9 15 25
10 9 16 57   10 9 17 75   10 9 18 136   10 9 19 172   10 9 20 72
10 10 1 92   10 10 2 200   10 10 3 168   10 10 4 103   10 10 5 161
10 10 6 112   10 10 7 181   10 10 8 19   10 10 9 161   10 10 10 135
10 10 11 173   10 10 12 177   10 10 13 196   10 10 14 170   10 10 15 140
10 10 16 181   10 10 17 118   10 10 18 60   10 10 19 150   10 10 20 92
11 1 1 154   11 1 2 130   11 1 3 182   11 1 4 157   11 1 5 165
11 1 6 118   11 1 7 185   11 1 8 93   11 1 9 146   11 1 10 65
11 1 11 127   11 1 12 53   11 1 13 106   11 1 14 26   11 1 15 133
11 1 16 27   11 1 17 118   11 1 18 154   11 1 19 72   11 1 20 129
11 2 1 169   11 2 2 90   11 2 3 85   11 2 4 182   11 2 5 62
11 2 6 76   11 2 7 136   11 2 8 88   11 2 9 132   11 2 10 168
11 2 11 148   11 2 12 104   11 2 13 189   11 2 14 185   11 2 15 75
11 2 16 76   11 2 17 103   11 2 18 85   11 2 19 186   11 2 20 159
11 3 1 121   11 3 2 134   11 3 3 177   11 3 4 129   11 3 5 104
11 3 6 102   11 3 7 40   11 3 8 95   11 3 9 32   11 3 10 85
11 3 11 175   11 3 12 189   11 3 13 81   11 3 14 179   11 3 15 184
11 3 16 65   11 3 17 116   11 3 18 108   11 3 19 172   11 3 20 10
11 4 1 148   11 4 2 86   11 4 3 198   11 4 4 162   11 4 5 25
11 4 6 116   11 4 7 200   11 4 8 159   11 4 9 112   11 4 10 143
11 4 11 31   11 4 12 13   11 4 13 13   11 4 14 41   11 4 15 141
11 4 16 45   11 4 17 104   11 4 18 137   11 4 19 138   11 4 20 28
11 5 1 107   11 5 2 16   11 5 3 61   11 5 4 49   11 5 5 147
11 5 6 151   11 5 7 59   11 5 8 43   11 5 9 104   11 5 10 152
11 5 11 144   11 5 12 60   11 5 13 129   11 5 14 62   11 5 15 139
11 5 16 198   11 5 17 123   11 5 18 114   11 5 19 120   11 5 20 171
11 6 1 100   11 6 2 192   11 6 3 27   11 6 4 141   11 6 5 163
11 6 6 90   11 6 7 118   11 6 8 121   11 6 9 49   11 6 10 131
11 6 11 25   11 6 12 98   11 6 13 48   11 6 14 113   11 6 15 113
11 6 16 61   11 6 17 114   11 6 18 52   11 6 19 194   11 6 20 41
11 7 1 111   11 7 2 126   11 7 3 31   11 7 4 23   11 7 5 189
11 7 6 94   11 7 7 196   11 7 8 34   11 7 9 44   11 7 10 96
11 7 11 95   11 7 12 180   11 7 13 126   11 7 14 142   11 7 15 47
11 7 16 93   11 7 17 67   11 7 18 128   11 7 19 114   11 7 20 97
11 8 1 116   11 8 2 74   11 8 3 165   11 8 4 32   11 8 5 17
11 8 6 68   11 8 7 195   11 8 8 14   11 8 9 198   11 8 10 38
11 8 11 30   11 8 12 143   11 8 13 131   11 8 14 170   11 8 15 160
11 8 16 146   11 8 17 92   11 8 18 138   11 8 19 58   11 8 20 70
11 9 1 79   11 9 2 64   11 9 3 47   11 9 4 164   11 9 5 144
11 9 6 36   11 9 7 38   11 9 8 34   11 9 9 115   11 9 10 49
11 9 11 49   11 9 12 115   11 9 13 198   11 9 14 103   11 9 15 34
11 9 16 139   11 9 17 136   11 9 18 173   11 9 19 21   11 9 20 39
11 10 1 85   11 10 2 181   11 10 3 120   11 10 4 76   11 10 5 68
11 10 6 165   11 10 7 52   11 10 8 55   11 10 9 76   11 10 10 93
11 10 11 81   11 10 12 128   11 10 13 44   11 10 14 177   11 10 15 104
11 10 16 43   11 10 17 175   11 10 18 32   11 10 19 147   11 10 20 53
12 1 1 96   12 1 2 179   12 1 3 167   12 1 4 160   12 1 5 59
12 1 6 60   12 1 7 194   12 1 8 101   12 1 9 134   12 1 10 48
12 1 11 76   12 1 12 69   12 1 13 189   12 1 14 21   12 1 15 149
12 1 16 37   12 1 17 154   12 1 18 88   12 1 19 75   12 1 20 158
12 2 1 32   12 2 2 98   12 2 3 153   12 2 4 98   12 2 5 138
12 2 6 89   12 2 7 118   12 2 8 185   12 2 9 190   12 2 10 52
12 2 11 72   12 2 12 20   12 2 13 101   12 2 14 122   12 2 15 199
12 2 16 188   12 2 17 79   12 2 18 73   12 2 19 79   12 2 20 197
12 3 1 195   12 3 2 160   12 3 3 163   12 3 4 122   12 3 5 57
12 3 6 26   12 3 7 158   12 3 8 18   12 3 9 52   12 3 10 44
12 3 11 50   12 3 12 160   12 3 13 177   12 3 14 186   12 3 15 153
12 3 16 64   12 3 17 70   12 3 18 85   12 3 19 29   12 3 20 22
12 4 1 37   12 4 2 161   12 4 3 162   12 4 4 114   12 4 5 79
12 4 6 132   12 4 7 172   12 4 8 43   12 4 9 118   12 4 10 140
12 4 11 90   12 4 12 162   12 4 13 78   12 4 14 139   12 4 15 22
12 4 16 13   12 4 17 55   12 4 18 187   12 4 19 85   12 4 20 117
12 5 1 151   12 5 2 111   12 5 3 73   12 5 4 10   12 5 5 173
12 5 6 136   12 5 7 121   12 5 8 83   12 5 9 99   12 5 10 149
12 5 11 108   12 5 12 129   12 5 13 39   12 5 14 161   12 5 15 64
12 5 16 90   12 5 17 187   12 5 18 40   12 5 19 101   12 5 20 55
12 6 1 14   12 6 2 18   12 6 3 115   12 6 4 120   12 6 5 101
12 6 6 57   12 6 7 23   12 6 8 16   12 6 9 85   12 6 10 160
12 6 11 34   12 6 12 200   12 6 13 178   12 6 14 12   12 6 15 127
12 6 16 30   12 6 17 54   12 6 18 141   12 6 19 83   12 6 20 183
12 7 1 164   12 7 2 96   12 7 3 84   12 7 4 15   12 7 5 56
12 7 6 101   12 7 7 190   12 7 8 187   12 7 9 43   12 7 10 73
12 7 11 151   12 7 12 174   12 7 13 96   12 7 14 137   12 7 15 40
12 7 16 79   12 7 17 60   12 7 18 48   12 7 19 110   12 7 20 69
12 8 1 153   12 8 2 163   12 8 3 121   12 8 4 57   12 8 5 102
12 8 6 71   12 8 7 36   12 8 8 76   12 8 9 64   12 8 10 194
12 8 11 77   12 8 12 53   12 8 13 37   12 8 14 117   12 8 15 40
12 8 16 100   12 8 17 195   12 8 18 196   12 8 19 12   12 8 20 122
12 9 1 61   12 9 2 112   12 9 3 71   12 9 4 200   12 9 5 146
12 9 6 57   12 9 7 75   12 9 8 93   12 9 9 143   12 9 10 103
12 9 11 61   12 9 12 90   12 9 13 181   12 9 14 88   12 9 15 168
12 9 16 62   12 9 17 32   12 9 18 173   12 9 19 140   12 9 20 55
12 10 1 114   12 10 2 84   12 10 3 104   12 10 4 123   12 10 5 62
12 10 6 98   12 10 7 108   12 10 8 91   12 10 9 105   12 10 10 151
12 10 11 76   12 10 12 114   12 10 13 106   12 10 14 160   12 10 15 106
12 10 16 172   12 10 17 119   12 10 18 148   12 10 19 116   12 10 20 175
13 1 1 160   13 1 2 12   13 1 3 18   13 1 4 12   13 1 5 141
13 1 6 19   13 1 7 58   13 1 8 123   13 1 9 64   13 1 10 156
13 1 11 182   13 1 12 158   13 1 13 136   13 1 14 120   13 1 15 114
13 1 16 37   13 1 17 128   13 1 18 20   13 1 19 112   13 1 20 120
13 2 1 71   13 2 2 197   13 2 3 150   13 2 4 165   13 2 5 179
13 2 6 20   13 2 7 116   13 2 8 166   13 2 9 186   13 2 10 76
13 2 11 41   13 2 12 176   13 2 13 92   13 2 14 127   13 2 15 194
13 2 16 28   13 2 17 116   13 2 18 175   13 2 19 54   13 2 20 97
13 3 1 180   13 3 2 89   13 3 3 171   13 3 4 115   13 3 5 169
13 3 6 113   13 3 7 183   13 3 8 38   13 3 9 119   13 3 10 41
13 3 11 69   13 3 12 38   13 3 13 12   13 3 14 107   13 3 15 148
13 3 16 128   13 3 17 69   13 3 18 132   13 3 19 191   13 3 20 77
13 4 1 133   13 4 2 38   13 4 3 150   13 4 4 122   13 4 5 112
13 4 6 71   13 4 7 19   13 4 8 99   13 4 9 181   13 4 10 62
13 4 11 190   13 4 12 42   13 4 13 109   13 4 14 70   13 4 15 68
13 4 16 72   13 4 17 120   13 4 18 106   13 4 19 92   13 4 20 46
13 5 1 181   13 5 2 199   13 5 3 100   13 5 4 66   13 5 5 18
13 5 6 15   13 5 7 188   13 5 8 184   13 5 9 123   13 5 10 177
13 5 11 70   13 5 12 90   13 5 13 61   13 5 14 72   13 5 15 171
13 5 16 84   13 5 17 187   13 5 18 153   13 5 19 120   13 5 20 79
13 6 1 45   13 6 2 16   13 6 3 93   13 6 4 16   13 6 5 190
13 6 6 78   13 6 7 184   13 6 8 101   13 6 9 18   13 6 10 192
13 6 11 181   13 6 12 37   13 6 13 37   13 6 14 188   13 6 15 185
13 6 16 66   13 6 17 97   13 6 18 115   13 6 19 71   13 6 20 75
13 7 1 22   13 7 2 13   13 7 3 175   13 7 4 137   13 7 5 63
13 7 6 148   13 7 7 164   13 7 8 43   13 7 9 149   13 7 10 62
13 7 11 155   13 7 12 56   13 7 13 137   13 7 14 162   13 7 15 40
13 7 16 189   13 7 17 114   13 7 18 164   13 7 19 10   13 7 20 79
13 8 1 181   13 8 2 120   13 8 3 165   13 8 4 115   13 8 5 170
13 8 6 195   13 8 7 156   13 8 8 56   13 8 9 23   13 8 10 12
13 8 11 86   13 8 12 114   13 8 13 76   13 8 14 196   13 8 15 49
13 8 16 153   13 8 17 77   13 8 18 31   13 8 19 29   13 8 20 62
13 9 1 112   13 9 2 163   13 9 3 19   13 9 4 36   13 9 5 69
13 9 6 103   13 9 7 29   13 9 8 77   13 9 9 92   13 9 10 15
13 9 11 126   13 9 12 75   13 9 13 164   13 9 14 47   13 9 15 126
13 9 16 67   13 9 17 75   13 9 18 107   13 9 19 93   13 9 20 41
13 10 1 161   13 10 2 172   13 10 3 26   13 10 4 132   13 10 5 11
13 10 6 195   13 10 7 185   13 10 8 15   13 10 9 160   13 10 10 74
13 10 11 102   13 10 12 160   13 10 13 55   13 10 14 109   13 10 15 37
13 10 16 188   13 10 17 149   13 10 18 168   13 10 19 151   13 10 20 74
14 1 1 34   14 1 2 27   14 1 3 82   14 1 4 11   14 1 5 140
14 1 6 159   14 1 7 30   14 1 8 37   14 1 9 177   14 1 10 193
14 1 11 16   14 1 12 24   14 1 13 200   14 1 14 71   14 1 15 75
14 1 16 56   14 1 17 24   14 1 18 149   14 1 19 112   14 1 20 111
14 2 1 181   14 2 2 123   14 2 3 42   14 2 4 144   14 2 5 107
14 2 6 12   14 2 7 28   14 2 8 135   14 2 9 96   14 2 10 55
14 2 11 33   14 2 12 13   14 2 13 131   14 2 14 181   14 2 15 166
14 2 16 192   14 2 17 48   14 2 18 148   14 2 19 75   14 2 20 139
14 3 1 62   14 3 2 106   14 3 3 189   14 3 4 31   14 3 5 111
14 3 6 149   14 3 7 97   14 3 8 119   14 3 9 129   14 3 10 20
14 3 11 130   14 3 12 167   14 3 13 128   14 3 14 26   14 3 15 35
14 3 16 27   14 3 17 69   14 3 18 102   14 3 19 41   14 3 20 50
14 4 1 173   14 4 2 39   14 4 3 16   14 4 4 171   14 4 5 148
14 4 6 35   14 4 7 187   14 4 8 43   14 4 9 109   14 4 10 197
14 4 11 121   14 4 12 72   14 4 13 46   14 4 14 125   14 4 15 156
14 4 16 98   14 4 17 52   14 4 18 182   14 4 19 128   14 4 20 178
14 5 1 21   14 5 2 47   14 5 3 133   14 5 4 149   14 5 5 37
14 5 6 36   14 5 7 157   14 5 8 98   14 5 9 12   14 5 10 154
14 5 11 25   14 5 12 146   14 5 13 196   14 5 14 58   14 5 15 133
14 5 16 73   14 5 17 178   14 5 18 88   14 5 19 137   14 5 20 36
14 6 1 121   14 6 2 43   14 6 3 84   14 6 4 138   14 6 5 112
14 6 6 128   14 6 7 169   14 6 8 65   14 6 9 51   14 6 10 126
14 6 11 86   14 6 12 45   14 6 13 25   14 6 14 161   14 6 15 19
14 6 16 79   14 6 17 60   14 6 18 34   14 6 19 85   14 6 20 97
14 7 1 73   14 7 2 113   14 7 3 180   14 7 4 37   14 7 5 69
14 7 6 84   14 7 7 55   14 7 8 47   14 7 9 103   14 7 10 73
14 7 11 99   14 7 12 106   14 7 13 104   14 7 14 57   14 7 15 37
14 7 16 145   14 7 17 64   14 7 18 50   14 7 19 141   14 7 20 52
14 8 1 48   14 8 2 62   14 8 3 31   14 8 4 132   14 8 5 164
14 8 6 95   14 8 7 53   14 8 8 179   14 8 9 94   14 8 10 51
14 8 11 97   14 8 12 52   14 8 13 127   14 8 14 87   14 8 15 170
14 8 16 166   14 8 17 103   14 8 18 109   14 8 19 153   14 8 20 107
14 9 1 122   14 9 2 93   14 9 3 71   14 9 4 176   14 9 5 99
14 9 6 51   14 9 7 103   14 9 8 124   14 9 9 137   14 9 10 79
14 9 11 193   14 9 12 57   14 9 13 61   14 9 14 188   14 9 15 10
14 9 16 25   14 9 17 122   14 9 18 76   14 9 19 96   14 9 20 191
14 10 1 115   14 10 2 73   14 10 3 156   14 10 4 189   14 10 5 46
14 10 6 93   14 10 7 44   14 10 8 90   14 10 9 34   14 10 10 101
14 10 11 100   14 10 12 144   14 10 13 192   14 10 14 174   14 10 15 197
14 10 16 36   14 10 17 155   14 10 18 11   14 10 19 156   14 10 20 165
15 1 1 44   15 1 2 126   15 1 3 12   15 1 4 30   15 1 5 134
15 1 6 120   15 1 7 119   15 1 8 126   15 1 9 143   15 1 10 20
15 1 11 128   15 1 12 172   15 1 13 52   15 1 14 87   15 1 15 112
15 1 16 127   15 1 17 15   15 1 18 174   15 1 19 155   15 1 20 73
15 2 1 171   15 2 2 107   15 2 3 91   15 2 4 113   15 2 5 197
15 2 6 27   15 2 7 70   15 2 8 101   15 2 9 183   15 2 10 26
15 2 11 23   15 2 12 164   15 2 13 22   15 2 14 162   15 2 15 54
15 2 16 48   15 2 17 40   15 2 18 96   15 2 19 104   15 2 20 134
15 3 1 47   15 3 2 163   15 3 3 18   15 3 4 127   15 3 5 49
15 3 6 154   15 3 7 197   15 3 8 62   15 3 9 186   15 3 10 82
15 3 11 108   15 3 12 136   15 3 13 188   15 3 14 114   15 3 15 108
15 3 16 31   15 3 17 162   15 3 18 72   15 3 19 105   15 3 20 151
15 4 1 157   15 4 2 101   15 4 3 81   15 4 4 111   15 4 5 95
15 4 6 111   15 4 7 139   15 4 8 45   15 4 9 113   15 4 10 193
15 4 11 113   15 4 12 135   15 4 13 101   15 4 14 96   15 4 15 106
15 4 16 49   15 4 17 78   15 4 18 179   15 4 19 175   15 4 20 130
15 5 1 33   15 5 2 75   15 5 3 169   15 5 4 12   15 5 5 134
15 5 6 114   15 5 7 76   15 5 8 151   15 5 9 59   15 5 10 154
15 5 11 121   15 5 12 10   15 5 13 46   15 5 14 44   15 5 15 66
15 5 16 167   15 5 17 90   15 5 18 64   15 5 19 88   15 5 20 66
15 6 1 60   15 6 2 124   15 6 3 167   15 6 4 65   15 6 5 156
15 6 6 24   15 6 7 40   15 6 8 36   15 6 9 165   15 6 10 26
15 6 11 140   15 6 12 123   15 6 13 17   15 6 14 135   15 6 15 84
15 6 16 199   15 6 17 48   15 6 18 200   15 6 19 165   15 6 20 32
15 7 1 23   15 7 2 65   15 7 3 92   15 7 4 135   15 7 5 126
15 7 6 52   15 7 7 190   15 7 8 158   15 7 9 66   15 7 10 147
15 7 11 188   15 7 12 115   15 7 13 174   15 7 14 169   15 7 15 101
15 7 16 153   15 7 17 81   15 7 18 130   15 7 19 78   15 7 20 21
15 8 1 45   15 8 2 90   15 8 3 127   15 8 4 114   15 8 5 192
15 8 6 15   15 8 7 136   15 8 8 44   15 8 9 76   15 8 10 10
15 8 11 17   15 8 12 141   15 8 13 58   15 8 14 42   15 8 15 160
15 8 16 196   15 8 17 62   15 8 18 110   15 8 19 25   15 8 20 33
15 9 1 66   15 9 2 107   15 9 3 80   15 9 4 79   15 9 5 80
15 9 6 137   15 9 7 98   15 9 8 102   15 9 9 172   15 9 10 46
15 9 11 21   15 9 12 185   15 9 13 177   15 9 14 166   15 9 15 45
15 9 16 162   15 9 17 188   15 9 18 105   15 9 19 149   15 9 20 165
15 10 1 187   15 10 2 25   15 10 3 92   15 10 4 50   15 10 5 125
15 10 6 155   15 10 7 82   15 10 8 23   15 10 9 174   15 10 10 152
15 10 11 195   15 10 12 89   15 10 13 66   15 10 14 110   15 10 15 123
15 10 16 116   15 10 17 64   15 10 18 145   15 10 19 113   15 10 20 26
16 1 1 51   16 1 2 160   16 1 3 148   16 1 4 91   16 1 5 68
16 1 6 56   16 1 7 52   16 1 8 158   16 1 9 57   16 1 10 60
16 1 11 28   16 1 12 59   16 1 13 23   16 1 14 114   16 1 15 160
16 1 16 154   16 1 17 190   16 1 18 136   16 1 19 174   16 1 20 31
16 2 1 45   16 2 2 151   16 2 3 123   16 2 4 44   16 2 5 176
16 2 6 136   16 2 7 100   16 2 8 26   16 2 9 40   16 2 10 158
16 2 11 126   16 2 12 92   16 2 13 75   16 2 14 64   16 2 15 45
16 2 16 40   16 2 17 121   16 2 18 146   16 2 19 169   16 2 20 101
16 3 1 24   16 3 2 164   16 3 3 189   16 3 4 57   16 3 5 162
16 3 6 126   16 3 7 152   16 3 8 90   16 3 9 166   16 3 10 80
16 3 11 162   16 3 12 96   16 3 13 32   16 3 14 48   16 3 15 85
16 3 16 65   16 3 17 115   16 3 18 45   16 3 19 129   16 3 20 86
16 4 1 31   16 4 2 154   16 4 3 194   16 4 4 32   16 4 5 155
16 4 6 64   16 4 7 163   16 4 8 151   16 4 9 140   16 4 10 164
16 4 11 33   16 4 12 156   16 4 13 146   16 4 14 24   16 4 15 36
16 4 16 60   16 4 17 148   16 4 18 24   16 4 19 86   16 4 20 64
16 5 1 91   16 5 2 185   16 5 3 170   16 5 4 73   16 5 5 57
16 5 6 73   16 5 7 56   16 5 8 151   16 5 9 89   16 5 10 32
16 5 11 36   16 5 12 159   16 5 13 104   16 5 14 141   16 5 15 82
16 5 16 70   16 5 17 150   16 5 18 155   16 5 19 137   16 5 20 179
16 6 1 57   16 6 2 94   16 6 3 88   16 6 4 98   16 6 5 86
16 6 6 16   16 6 7 64   16 6 8 97   16 6 9 151   16 6 10 115
16 6 11 132   16 6 12 98   16 6 13 102   16 6 14 18   16 6 15 74
16 6 16 123   16 6 17 55   16 6 18 18   16 6 19 17   16 6 20 192
16 7 1 172   16 7 2 172   16 7 3 110   16 7 4 164   16 7 5 113
16 7 6 187   16 7 7 63   16 7 8 134   16 7 9 57   16 7 10 97
16 7 11 17   16 7 12 150   16 7 13 82   16 7 14 14   16 7 15 76
16 7 16 37   16 7 17 26   16 7 18 121   16 7 19 153   16 7 20 131
16 8 1 139   16 8 2 132   16 8 3 69   16 8 4 156   16 8 5 147
16 8 6 35   16 8 7 146   16 8 8 24   16 8 9 176   16 8 10 81
16 8 11 195   16 8 12 176   16 8 13 128   16 8 14 170   16 8 15 85
16 8 16 58   16 8 17 198   16 8 18 188   16 8 19 24   16 8 20 160
16 9 1 173   16 9 2 57   16 9 3 171   16 9 4 148   16 9 5 149
16 9 6 144   16 9 7 74   16 9 8 96   16 9 9 166   16 9 10 182
16 9 11 26   16 9 12 83   16 9 13 199   16 9 14 81   16 9 15 106
16 9 16 22   16 9 17 115   16 9 18 170   16 9 19 150   16 9 20 164
16 10 1 172   16 10 2 37   16 10 3 196   16 10 4 124   16 10 5 80
16 10 6 49   16 10 7 195   16 10 8 54   16 10 9 22   16 10 10 189
16 10 11 118   16 10 12 26   16 10 13 95   16 10 14 173   16 10 15 124
16 10 16 25   16 10 17 31   16 10 18 131   16 10 19 198   16 10 20 52
17 1 1 197   17 1 2 83   17 1 3 109   17 1 4 24   17 1 5 131
17 1 6 51   17 1 7 87   17 1 8 147   17 1 9 107   17 1 10 112
17 1 11 119   17 1 12 66   17 1 13 143   17 1 14 83   17 1 15 182
17 1 16 87   17 1 17 170   17 1 18 118   17 1 19 160   17 1 20 155
17 2 1 145   17 2 2 129   17 2 3 25   17 2 4 24   17 2 5 100
17 2 6 186   17 2 7 78   17 2 8 186   17 2 9 147   17 2 10 132
17 2 11 179   17 2 12 105   17 2 13 76   17 2 14 143   17 2 15 127
17 2 16 62   17 2 17 181   17 2 18 90   17 2 19 34   17 2 20 166
17 3 1 113   17 3 2 102   17 3 3 97   17 3 4 15   17 3 5 200
17 3 6 176   17 3 7 193   17 3 8 189   17 3 9 108   17 3 10 94
17 3 11 139   17 3 12 179   17 3 13 161   17 3 14 65   17 3 15 178
17 3 16 185   17 3 17 166   17 3 18 164   17 3 19 120   17 3 20 57
17 4 1 160   17 4 2 112   17 4 3 165   17 4 4 161   17 4 5 114
17 4 6 133   17 4 7 55   17 4 8 14   17 4 9 185   17 4 10 61
17 4 11 74   17 4 12 196   17 4 13 116   17 4 14 73   17 4 15 55
17 4 16 182   17 4 17 76   17 4 18 59   17 4 19 32   17 4 20 196
17 5 1 190   17 5 2 149   17 5 3 37   17 5 4 79   17 5 5 36
17 5 6 24   17 5 7 73   17 5 8 139   17 5 9 170   17 5 10 75
17 5 11 132   17 5 12 170   17 5 13 25   17 5 14 15   17 5 15 138
17 5 16 173   17 5 17 162   17 5 18 10   17 5 19 164   17 5 20 12
17 6 1 134   17 6 2 135   17 6 3 44   17 6 4 105   17 6 5 96
17 6 6 88   17 6 7 200   17 6 8 191   17 6 9 42   17 6 10 87
17 6 11 38   17 6 12 54   17 6 13 69   17 6 14 198   17 6 15 65
17 6 16 38   17 6 17 21   17 6 18 163   17 6 19 135   17 6 20 29
17 7 1 136   17 7 2 102   17 7 3 13   17 7 4 147   17 7 5 160
17 7 6 143   17 7 7 133   17 7 8 38   17 7 9 165   17 7 10 191
17 7 11 168   17 7 12 51   17 7 13 138   17 7 14 164   17 7 15 138
17 7 16 74   17 7 17 124   17 7 18 50   17 7 19 159   17 7 20 18
17 8 1 146   17 8 2 18   17 8 3 158   17 8 4 153   17 8 5 131
17 8 6 44   17 8 7 160   17 8 8 149   17 8 9 24   17 8 10 31
17 8 11 74   17 8 12 109   17 8 13 120   17 8 14 90   17 8 15 114
17 8 16 110   17 8 17 15   17 8 18 105   17 8 19 10   17 8 20 90
17 9 1 23   17 9 2 188   17 9 3 136   17 9 4 122   17 9 5 34
17 9 6 80   17 9 7 169   17 9 8 100   17 9 9 65   17 9 10 194
17 9 11 148   17 9 12 42   17 9 13 192   17 9 14 152   17 9 15 21
17 9 16 99   17 9 17 191   17 9 18 100   17 9 19 115   17 9 20 23
17 10 1 120   17 10 2 107   17 10 3 62   17 10 4 175   17 10 5 142
17 10 6 51   17 10 7 59   17 10 8 120   17 10 9 79   17 10 10 145
17 10 11 70   17 10 12 192   17 10 13 65   17 10 14 173   17 10 15 129
17 10 16 89   17 10 17 22   17 10 18 79   17 10 19 73   17 10 20 69
18 1 1 29   18 1 2 25   18 1 3 159   18 1 4 156   18 1 5 193
18 1 6 185   18 1 7 177   18 1 8 163   18 1 9 47   18 1 10 86
18 1 11 72   18 1 12 176   18 1 13 102   18 1 14 10   18 1 15 95
18 1 16 29   18 1 17 42   18 1 18 50   18 1 19 192   18 1 20 167
18 2 1 94   18 2 2 58   18 2 3 65   18 2 4 112   18 2 5 165
18 2 6 51   18 2 7 164   18 2 8 55   18 2 9 128   18 2 10 87
18 2 11 84   18 2 12 61   18 2 13 117   18 2 14 107   18 2 15 124
18 2 16 106   18 2 17 144   18 2 18 94   18 2 19 106   18 2 20 165
18 3 1 174   18 3 2 139   18 3 3 22   18 3 4 61   18 3 5 65
18 3 6 200   18 3 7 83   18 3 8 85   18 3 9 46   18 3 10 42
18 3 11 164   18 3 12 189   18 3 13 143   18 3 14 89   18 3 15 100
18 3 16 92   18 3 17 184   18 3 18 104   18 3 19 72   18 3 20 18
18 4 1 28   18 4 2 158   18 4 3 83   18 4 4 20   18 4 5 189
18 4 6 71   18 4 7 144   18 4 8 193   18 4 9 12   18 4 10 13
18 4 11 150   18 4 12 57   18 4 13 27   18 4 14 165   18 4 15 36
18 4 16 26   18 4 17 138   18 4 18 120   18 4 19 54   18 4 20 85
18 5 1 24   18 5 2 112   18 5 3 137   18 5 4 138   18 5 5 180
18 5 6 127   18 5 7 128   18 5 8 29   18 5 9 91   18 5 10 159
18 5 11 27   18 5 12 26   18 5 13 165   18 5 14 156   18 5 15 173
18 5 16 79   18 5 17 95   18 5 18 111   18 5 19 36   18 5 20 86
18 6 1 49   18 6 2 128   18 6 3 83   18 6 4 151   18 6 5 33
18 6 6 161   18 6 7 128   18 6 8 158   18 6 9 64   18 6 10 57
18 6 11 97   18 6 12 173   18 6 13 138   18 6 14 164   18 6 15 17
18 6 16 153   18 6 17 184   18 6 18 62   18 6 19 153   18 6 20 180
18 7 1 77   18 7 2 109   18 7 3 18   18 7 4 66   18 7 5 14
18 7 6 42   18 7 7 151   18 7 8 146   18 7 9 108   18 7 10 29
18 7 11 185   18 7 12 174   18 7 13 186   18 7 14 56   18 7 15 55
18 7 16 75   18 7 17 79   18 7 18 87   18 7 19 167   18 7 20 34
18 8 1 144   18 8 2 63   18 8 3 155   18 8 4 183   18 8 5 167
18 8 6 16   18 8 7 104   18 8 8 65   18 8 9 155   18 8 10 99
18 8 11 180   18 8 12 180   18 8 13 66   18 8 14 61   18 8 15 172
18 8 16 155   18 8 17 180   18 8 18 21   18 8 19 173   18 8 20 175
18 9 1 33   18 9 2 141   18 9 3 91   18 9 4 65   18 9 5 19
18 9 6 43   18 9 7 112   18 9 8 146   18 9 9 43   18 9 10 48
18 9 11 180   18 9 12 62   18 9 13 134   18 9 14 23   18 9 15 138
18 9 16 199   18 9 17 185   18 9 18 85   18 9 19 83   18 9 20 92
18 10 1 40   18 10 2 75   18 10 3 123   18 10 4 180   18 10 5 97
18 10 6 94   18 10 7 64   18 10 8 95   18 10 9 143   18 10 10 195
18 10 11 84   18 10 12 60   18 10 13 60   18 10 14 155   18 10 15 102
18 10 16 138   18 10 17 25   18 10 18 159   18 10 19 122   18 10 20 186
19 1 1 21   19 1 2 79   19 1 3 160   19 1 4 83   19 1 5 93
19 1 6 163   19 1 7 182   19 1 8 170   19 1 9 35   19 1 10 114
19 1 11 36   19 1 12 71   19 1 13 83   19 1 14 20   19 1 15 150
19 1 16 64   19 1 17 173   19 1 18 100   19 1 19 131   19 1 20 64
19 2 1 131   19 2 2 116   19 2 3 195   19 2 4 42   19 2 5 178
19 2 6 11   19 2 7 192   19 2 8 171   19 2 9 112   19 2 10 121
19 2 11 72   19 2 12 48   19 2 13 12   19 2 14 115   19 2 15 130
19 2 16 111   19 2 17 41   19 2 18 50   19 2 19 85   19 2 20 57
19 3 1 53   19 3 2 164   19 3 3 66   19 3 4 164   19 3 5 58
19 3 6 41   19 3 7 145   19 3 8 33   19 3 9 72   19 3 10 79
19 3 11 96   19 3 12 44   19 3 13 77   19 3 14 42   19 3 15 163
19 3 16 66   19 3 17 130   19 3 18 168   19 3 19 146   19 3 20 73
19 4 1 173   19 4 2 172   19 4 3 96   19 4 4 24   19 4 5 193
19 4 6 178   19 4 7 133   19 4 8 191   19 4 9 124   19 4 10 126
19 4 11 25   19 4 12 14   19 4 13 136   19 4 14 99   19 4 15 33
19 4 16 145   19 4 17 92   19 4 18 125   19 4 19 154   19 4 20 19
19 5 1 121   19 5 2 119   19 5 3 52   19 5 4 155   19 5 5 131
19 5 6 183   19 5 7 28   19 5 8 105   19 5 9 68   19 5 10 133
19 5 11 40   19 5 12 96   19 5 13 137   19 5 14 186   19 5 15 111
19 5 16 75   19 5 17 167   19 5 18 135   19 5 19 151   19 5 20 187
19 6 1 45   19 6 2 126   19 6 3 121   19 6 4 100   19 6 5 58
19 6 6 31   19 6 7 25   19 6 8 159   19 6 9 200   19 6 10 153
19 6 11 13   19 6 12 89   19 6 13 146   19 6 14 192   19 6 15 190
19 6 16 197   19 6 17 130   19 6 18 75   19 6 19 193   19 6 20 167
19 7 1 56   19 7 2 61   19 7 3 143   19 7 4 132   19 7 5 101
19 7 6 197   19 7 7 132   19 7 8 25   19 7 9 127   19 7 10 182
19 7 11 136   19 7 12 187   19 7 13 14   19 7 14 135   19 7 15 79
19 7 16 10   19 7 17 167   19 7 18 55   19 7 19 144   19 7 20 62
19 8 1 14   19 8 2 64   19 8 3 67   19 8 4 38   19 8 5 101
19 8 6 147   19 8 7 59   19 8 8 73   19 8 9 61   19 8 10 121
19 8 11 129   19 8 12 181   19 8 13 31   19 8 14 28   19 8 15 17
19 8 16 115   19 8 17 138   19 8 18 104   19 8 19 134   19 8 20 71
19 9 1 30   19 9 2 112   19 9 3 87   19 9 4 57   19 9 5 148
19 9 6 44   19 9 7 169   19 9 8 87   19 9 9 188   19 9 10 104
19 9 11 71   19 9 12 64   19 9 13 29   19 9 14 100   19 9 15 166
19 9 16 67   19 9 17 160   19 9 18 193   19 9 19 42   19 9 20 69
19 10 1 52   19 10 2 161   19 10 3 128   19 10 4 142   19 10 5 83
19 10 6 61   19 10 7 17   19 10 8 57   19 10 9 110   19 10 10 197
19 10 11 128   19 10 12 32   19 10 13 140   19 10 14 120   19 10 15 200
19 10 16 151   19 10 17 150   19 10 18 190   19 10 19 41   19 10 20 19
20 1 1 51   20 1 2 70   20 1 3 22   20 1 4 132   20 1 5 163
20 1 6 61   20 1 7 125   20 1 8 170   20 1 9 19   20 1 10 184
20 1 11 53   20 1 12 42   20 1 13 84   20 1 14 166   20 1 15 19
20 1 16 156   20 1 17 39   20 1 18 102   20 1 19 181   20 1 20 12
20 2 1 127   20 2 2 181   20 2 3 72   20 2 4 111   20 2 5 14
20 2 6 66   20 2 7 79   20 2 8 73   20 2 9 138   20 2 10 100
20 2 11 108   20 2 12 123   20 2 13 100   20 2 14 47   20 2 15 60
20 2 16 12   20 2 17 127   20 2 18 118   20 2 19 120   20 2 20 166
20 3 1 61   20 3 2 35   20 3 3 68   20 3 4 70   20 3 5 121
20 3 6 65   20 3 7 29   20 3 8 53   20 3 9 155   20 3 10 136
20 3 11 44   20 3 12 26   20 3 13 145   20 3 14 93   20 3 15 121
20 3 16 55   20 3 17 149   20 3 18 24   20 3 19 48   20 3 20 77
20 4 1 29   20 4 2 166   20 4 3 145   20 4 4 194   20 4 5 185
20 4 6 76   20 4 7 185   20 4 8 131   20 4 9 162   20 4 10 17
20 4 11 169   20 4 12 38   20 4 13 55   20 4 14 114   20 4 15 158
20 4 16 68   20 4 17 43   20 4 18 97   20 4 19 75   20 4 20 187
20 5 1 141   20 5 2 144   20 5 3 101   20 5 4 189   20 5 5 180
20 5 6 193   20 5 7 179   20 5 8 106   20 5 9 30   20 5 10 156
20 5 11 190   20 5 12 185   20 5 13 71   20 5 14 17   20 5 15 106
20 5 16 171   20 5 17 151   20 5 18 133   20 5 19 67   20 5 20 53
20 6 1 39   20 6 2 171   20 6 3 71   20 6 4 75   20 6 5 189
20 6 6 50   20 6 7 110   20 6 8 11   20 6 9 200   20 6 10 120
20 6 11 105   20 6 12 61   20 6 13 136   20 6 14 149   20 6 15 189
20 6 16 61   20 6 17 137   20 6 18 132   20 6 19 187   20 6 20 41
20 7 1 19   20 7 2 56   20 7 3 95   20 7 4 193   20 7 5 184
20 7 6 169   20 7 7 47   20 7 8 165   20 7 9 87   20 7 10 50
20 7 11 192   20 7 12 79   20 7 13 25   20 7 14 154   20 7 15 147
20 7 16 59   20 7 17 119   20 7 18 190   20 7 19 114   20 7 20 36
20 8 1 27   20 8 2 173   20 8 3 132   20 8 4 135   20 8 5 164
20 8 6 105   20 8 7 165   20 8 8 83   20 8 9 99   20 8 10 163
20 8 11 96   20 8 12 95   20 8 13 169   20 8 14 62   20 8 15 144
20 8 16 151   20 8 17 187   20 8 18 51   20 8 19 142   20 8 20 26
20 9 1 63   20 9 2 149   20 9 3 123   20 9 4 124   20 9 5 70
20 9 6 88   20 9 7 92   20 9 8 123   20 9 9 168   20 9 10 104
20 9 11 123   20 9 12 198   20 9 13 37   20 9 14 76   20 9 15 25
20 9 16 58   20 9 17 56   20 9 18 30   20 9 19 175   20 9 20 54
20 10 1 135   20 10 2 197   20 10 3 87   20 10 4 190   20 10 5 197
20 10 6 195   20 10 7 16   20 10 8 158   20 10 9 88   20 10 10 190
20 10 11 47   20 10 12 109   20 10 13 70   20 10 14 46   20 10 15 62
20 10 16 89   20 10 17 148   20 10 18 40   20 10 19 81   20 10 20 161
;

